********************************************************************************
LOGGING TIME: 20201004_001223
CLIENT IP: 192.168.43.207
USERNAME: Dell5567
OS: Windows 10
ARCHITECTURE: amd64
VERSION: 10.0
RESOLUTION: 1366.0 768.0
********************************************************************************
MP, 1, 1602022801459
MR, 1, 215
MC, 1, 0
MM, 565, 273, 2890
MM, 570, 283, 9
MM, 575, 290, 6
MM, 581, 295, 7
MM, 587, 301, 7
MM, 597, 306, 8
MM, 607, 311, 7
MM, 616, 313, 7
MM, 626, 316, 7
MM, 632, 316, 8
MM, 642, 316, 6
MM, 650, 316, 9
MM, 658, 315, 6
MM, 663, 315, 8
MM, 670, 314, 7
MM, 675, 313, 7
MM, 678, 312, 9
MM, 681, 310, 6
MM, 686, 307, 8
MM, 689, 306, 8
MM, 692, 305, 7
MM, 695, 303, 7
MM, 700, 302, 7
MM, 703, 299, 7
MM, 709, 298, 8
MM, 712, 297, 7
MM, 714, 297, 7
MM, 717, 296, 8
MM, 720, 295, 7
MM, 722, 294, 8
MM, 723, 294, 7
MM, 725, 292, 7
MM, 727, 291, 7
MM, 728, 290, 8
MM, 730, 289, 9
MM, 732, 289, 6
MM, 733, 288, 7
MM, 735, 287, 7
MM, 736, 287, 8
MM, 737, 287, 7
MM, 739, 287, 7
MM, 741, 287, 7
MM, 742, 287, 7
MM, 742, 287, 8
MM, 744, 287, 8
MM, 744, 287, 7
MM, 746, 287, 8
MM, 747, 287, 7
MM, 747, 287, 7
MM, 748, 287, 8
MM, 749, 287, 7
MM, 750, 287, 7
MM, 750, 287, 8
MM, 751, 287, 7
MM, 752, 287, 7
MM, 752, 286, 7
MM, 752, 285, 15
MM, 752, 284, 22
MM, 752, 284, 125
MM, 752, 283, 6
MP, 1, 331
MR, 1, 214
MC, 1, 0
MM, 734, 263, 2531
MM, 700, 233, 7
MM, 667, 207, 7
MM, 631, 178, 8
MM, 591, 154, 7
MM, 569, 140, 7
MM, 543, 127, 8
MM, 520, 116, 6
MM, 504, 108, 8
MM, 493, 105, 8
MM, 484, 102, 7
MM, 474, 99, 8
MM, 467, 98, 7
MM, 464, 98, 6
MM, 462, 98, 10
MM, 459, 98, 6
MM, 458, 98, 7
MM, 456, 99, 7
MM, 456, 99, 8
MM, 455, 101, 7
MM, 454, 104, 7
MM, 454, 107, 7
MM, 454, 112, 8
MM, 456, 119, 8
MM, 460, 127, 7
MM, 465, 138, 7
MM, 470, 149, 8
MM, 475, 160, 7
MM, 483, 172, 7
MM, 491, 182, 7
MM, 497, 192, 8
MM, 507, 203, 7
MM, 516, 215, 8
MM, 525, 224, 7
MM, 535, 234, 7
MM, 545, 243, 7
MM, 556, 250, 8
MM, 565, 256, 6
MM, 573, 260, 9
MM, 581, 264, 7
MM, 585, 267, 7
MM, 590, 269, 7
MM, 593, 272, 8
MM, 596, 272, 7
MM, 598, 273, 8
MM, 598, 273, 7
MM, 599, 273, 7
MM, 599, 273, 7
MM, 600, 273, 8
MM, 600, 265, 7
MM, 595, 234, 8
MM, 579, 183, 6
MM, 559, 125, 8
MM, 541, 81, 8
MM, 527, 45, 7
MM, 519, 18, 7
MM, 512, -2, 7
MM, 509, -13, 8
MM, 506, -10, 7
MM, 506, -6, 8
MM, 506, -2, 7
MM, 506, -1, 8
MM, 506, -2, 7
MM, 506, -1, 7
MM, 506, 0, 7
MM, 506, 0, 44
MM, 513, 0, 9
MM, 525, 3, 6
MM, 544, 7, 7
MM, 579, 14, 11
MM, 606, 22, 4
MM, 641, 29, 8
MM, 676, 38, 7
MM, 699, 42, 9
MM, 728, 45, 6
MM, 754, 48, 7
MM, 768, 48, 7
MM, 780, 48, 8
MM, 793, 48, 7
MM, 805, 48, 7
MM, 812, 46, 8
MM, 819, 43, 7
MM, 824, 39, 7
MM, 826, 38, 7
MM, 827, 37, 8
MM, 828, 37, 7
MM, 837, 40, 331
MM, 849, 45, 7
MM, 860, 50, 7
MM, 876, 53, 8
MM, 899, 56, 7
MM, 917, 59, 6
MM, 931, 59, 8
MM, 953, 59, 8
MM, 974, 57, 6
MM, 989, 55, 8
MM, 1003, 51, 8
MM, 1018, 47, 7
MM, 1034, 39, 7
MM, 1047, 32, 7
MM, 1057, 25, 9
MM, 1067, 16, 6
MM, 1077, 7, 8
MM, 1087, -2, 7
MM, 1096, -8, 8
MM, 1102, -9, 7
MM, 1109, -10, 7
MM, 1113, -9, 7
MM, 1118, -7, 7
MM, 1121, -3, 8
MM, 1123, -4, 8
MM, 1125, -1, 6
MM, 1126, -2, 8
MM, 1127, 0, 7
MM, 1127, -1, 8
MM, 1128, 0, 7
MM, 1128, -1, 8
MM, 1130, -1, 7
MM, 1132, 0, 7
MM, 1133, 0, 9
MM, 1135, 0, 6
MM, 1139, 0, 7
MM, 1142, 0, 7
MM, 1144, 0, 7
MM, 1147, 0, 8
MM, 1150, 0, 8
MM, 1152, 0, 6
MM, 1155, 0, 8
MM, 1157, 0, 8
MM, 1158, 0, 7
MM, 1159, 0, 8
MM, 1161, 0, 7
MM, 1163, 0, 7
MM, 1164, 0, 7
MM, 1166, 1, 7
MM, 1169, 1, 8
MM, 1172, 2, 8
MM, 1173, 2, 6
MM, 1174, 2, 7
MM, 1176, 2, 8
MM, 1178, 2, 8
MM, 1180, 2, 7
MM, 1181, 2, 8
MM, 1183, 2, 7
MM, 1184, 2, 7
MM, 1186, 1, 7
MM, 1187, 1, 8
MM, 1189, 1, 7
MM, 1191, 1, 7
MM, 1192, 0, 8
MM, 1193, -1, 8
MM, 1193, 0, 6
MM, 1194, 0, 8
MM, 1194, 0, 8
MM, 1194, 9, 938
MM, 1194, 34, 8
MM, 1192, 59, 7
MM, 1187, 104, 7
MM, 1176, 147, 8
MM, 1161, 211, 7
MM, 1137, 261, 7
MM, 1109, 335, 7
MM, 1084, 395, 8
MM, 1058, 461, 7
MM, 1034, 514, 7
MM, 1008, 567, 7
MM, 982, 612, 8
MM, 979, 619, 7
MM, 967, 625, 287
MM, 950, 634, 9
MM, 938, 639, 5
MM, 926, 646, 8
MM, 914, 653, 6
MM, 898, 662, 9
MM, 887, 669, 6
MM, 877, 673, 8
MM, 870, 677, 7
MM, 863, 682, 8
MM, 856, 687, 6
MM, 850, 691, 8
MM, 847, 693, 8
MM, 843, 696, 7
MM, 840, 698, 7
MM, 838, 699, 8
MM, 837, 700, 7
MM, 836, 700, 7
MM, 834, 701, 8
MM, 834, 702, 8
MM, 833, 702, 6
MM, 833, 702, 8
MM, 832, 702, 7
MM, 831, 702, 9
MM, 831, 702, 6
MM, 830, 702, 7
MM, 828, 702, 7
MM, 826, 702, 8
MM, 825, 702, 7
MM, 824, 703, 7
MM, 823, 704, 8
MM, 823, 704, 7
MM, 821, 704, 8
MM, 821, 704, 7
MM, 819, 705, 8
MM, 819, 705, 7
MM, 818, 705, 7
MM, 818, 705, 7
MM, 816, 706, 10
MM, 814, 707, 5
MM, 812, 707, 7
MM, 810, 708, 8
MM, 806, 709, 7
MM, 801, 710, 7
MM, 795, 711, 8
MM, 788, 713, 7
MM, 782, 714, 7
MM, 775, 715, 8
MM, 767, 717, 7
MM, 758, 719, 9
MM, 753, 721, 6
MM, 746, 724, 7
MM, 740, 726, 7
MM, 734, 727, 7
MM, 728, 729, 8
MM, 724, 730, 7
MM, 718, 730, 7
MM, 714, 732, 8
MM, 708, 733, 7
MM, 705, 733, 8
MM, 703, 733, 7
MM, 701, 733, 7
MM, 697, 735, 293
MM, 693, 736, 8
MM, 689, 737, 8
MM, 687, 737, 7
MM, 684, 738, 7
MM, 683, 739, 7
MM, 681, 739, 8
MM, 680, 741, 7
MM, 679, 742, 8
MM, 677, 742, 7
MM, 676, 744, 7
MM, 675, 745, 7
MM, 675, 746, 8
MM, 674, 748, 7
MM, 673, 748, 7
MM, 673, 749, 8
MM, 672, 749, 7
MM, 671, 750, 8
MM, 670, 751, 7
MM, 670, 751, 6
MM, 669, 752, 8
MM, 669, 752, 7
MP, 1, 249
MR, 1, 216
MC, 1, 0
MM, 661, 734, 520
MM, 641, 684, 7
MM, 624, 640, 7
MM, 602, 588, 7
MM, 580, 540, 8
MM, 561, 496, 7
MM, 546, 457, 7
MM, 536, 430, 7
MM, 527, 404, 8
MM, 518, 387, 7
MM, 513, 374, 7
MM, 507, 366, 8
MM, 503, 360, 7
MM, 499, 355, 7
MM, 498, 353, 8
MM, 497, 351, 8
MM, 495, 350, 7
MM, 495, 349, 7
MM, 494, 349, 7
MM, 493, 349, 8
MM, 492, 349, 6
MM, 492, 349, 8
MM, 491, 349, 8
MM, 491, 349, 9
MM, 491, 349, 64
MM, 491, 349, 7
MM, 494, 349, 8
MM, 497, 349, 7
MM, 502, 349, 7
MM, 508, 349, 8
MM, 516, 349, 8
MM, 525, 349, 6
MM, 535, 349, 8
MM, 544, 349, 7
MM, 549, 349, 8
MM, 555, 349, 7
MM, 557, 348, 7
MM, 560, 347, 7
MM, 561, 347, 8
MM, 562, 347, 7
MM, 563, 347, 7
MM, 563, 347, 8
MM, 558, 340, 15506
MM, 551, 331, 8
MM, 544, 323, 7
MM, 539, 315, 8
MM, 534, 310, 7
MM, 531, 306, 8
MM, 530, 303, 7
MM, 528, 301, 6
MM, 527, 300, 8
MM, 525, 298, 7
MM, 525, 298, 8
MM, 524, 297, 7
MM, 524, 297, 8
MM, 524, 297, 37
MM, 527, 299, 7
MM, 534, 302, 7
MM, 546, 305, 8
MM, 557, 309, 7
MM, 567, 313, 7
MM, 577, 315, 8
MM, 590, 317, 6
MM, 602, 317, 8
MM, 614, 317, 8
MM, 621, 317, 6
MM, 629, 317, 7
MM, 635, 317, 8
MM, 639, 317, 8
MM, 645, 317, 6
MM, 648, 317, 9
MM, 651, 317, 8
MM, 652, 317, 6
MM, 653, 317, 7
MM, 654, 317, 10
MM, 654, 317, 5
MM, 654, 319, 3948
MM, 652, 325, 8
MM, 650, 330, 7
MM, 648, 334, 7
MM, 646, 337, 8
MM, 646, 340, 7
MM, 645, 343, 7
MM, 644, 344, 7
MM, 644, 345, 8
MM, 643, 347, 7
MM, 642, 349, 9
MM, 642, 349, 6
MM, 641, 350, 7
MM, 640, 351, 9
MM, 640, 351, 6
MM, 639, 352, 6
MM, 639, 352, 9
MM, 639, 353, 7
MM, 639, 354, 6
MM, 639, 355, 9
MM, 639, 355, 7
MM, 639, 356, 7
MM, 638, 356, 7
MM, 638, 357, 8
MM, 638, 358, 7
MM, 638, 358, 9
MM, 637, 359, 5
MM, 637, 360, 8
MM, 636, 361, 7
MM, 636, 361, 8
MM, 635, 361, 7
MM, 634, 361, 8
MM, 633, 361, 7
MM, 633, 361, 7
MM, 632, 361, 8
MM, 632, 361, 6
MM, 631, 361, 8
MM, 631, 361, 8
MM, 630, 361, 6
MM, 629, 361, 8
MM, 628, 361, 8
MM, 628, 361, 7
MM, 627, 361, 7
MM, 626, 361, 8
MM, 626, 361, 7
MM, 625, 361, 7
MM, 625, 361, 7
MM, 624, 361, 8
MM, 624, 360, 7
MM, 623, 359, 8
MM, 622, 359, 7
MM, 621, 357, 6
MM, 620, 355, 9
MM, 620, 349, 7
MM, 620, 341, 6
MM, 621, 331, 9
MM, 626, 320, 7
MM, 630, 306, 7
MM, 640, 284, 7
MM, 646, 266, 8
MM, 653, 255, 7
MM, 658, 247, 7
MM, 664, 240, 8
MM, 669, 236, 7
MM, 675, 232, 8
MM, 680, 227, 7
MM, 685, 224, 8
MM, 690, 221, 7
MM, 693, 219, 7
MM, 698, 217, 7
MM, 701, 215, 7
MM, 704, 213, 8
MM, 709, 212, 7
MM, 712, 212, 8
MM, 716, 211, 9
MM, 719, 210, 5
MM, 722, 208, 7
MM, 727, 208, 9
MM, 729, 209, 7
MM, 732, 210, 7
MM, 734, 210, 6
MM, 735, 211, 8
MM, 737, 212, 8
MM, 739, 214, 6
MM, 740, 216, 8
MM, 741, 218, 7
MM, 741, 219, 8
MM, 742, 220, 8
MM, 742, 222, 8
MM, 742, 226, 6
MM, 742, 233, 8
MM, 741, 240, 7
MM, 739, 250, 6
MM, 733, 258, 8
MM, 728, 267, 8
MM, 719, 277, 7
MM, 708, 291, 9
MM, 699, 302, 6
MM, 688, 312, 7
MM, 680, 321, 7
MM, 668, 329, 8
MM, 660, 336, 7
MM, 654, 340, 8
MM, 648, 344, 7
MM, 643, 346, 7
MM, 638, 349, 8
MM, 635, 352, 7
MM, 632, 353, 8
MM, 627, 354, 7
MM, 624, 355, 7
MM, 620, 355, 7
MM, 618, 355, 10
MM, 616, 355, 5
MM, 614, 355, 7
MM, 612, 355, 7
MM, 611, 355, 8
MM, 610, 355, 7
MM, 610, 355, 8
MM, 609, 354, 8
MM, 609, 354, 6
MM, 607, 352, 8
MM, 607, 351, 7
MM, 608, 346, 6
MM, 608, 343, 9
MM, 614, 331, 7
MM, 623, 317, 7
MM, 630, 307, 8
MM, 639, 297, 7
MM, 652, 286, 7
MM, 667, 274, 8
MM, 677, 266, 6
MM, 684, 261, 8
MM, 693, 255, 8
MM, 701, 250, 7
MM, 708, 247, 7
MM, 718, 244, 8
MM, 726, 243, 7
MM, 733, 242, 6
MM, 737, 242, 9
MM, 743, 242, 7
MM, 746, 243, 7
MM, 751, 246, 8
MM, 754, 247, 7
MM, 756, 250, 7
MM, 760, 253, 8
MM, 762, 256, 7
MM, 764, 258, 6
MM, 766, 260, 8
MM, 767, 264, 8
MM, 768, 268, 7
MM, 769, 274, 8
MM, 769, 282, 7
MM, 769, 292, 7
MM, 766, 301, 8
MM, 762, 310, 7
MM, 759, 317, 6
MM, 756, 327, 9
MM, 750, 337, 7
MM, 746, 346, 6
MM, 740, 354, 8
MM, 735, 360, 7
MM, 728, 366, 8
MM, 721, 370, 8
MM, 716, 374, 7
MM, 711, 376, 9
MM, 706, 378, 6
MM, 700, 380, 7
MM, 696, 381, 9
MM, 689, 382, 6
MM, 682, 382, 7
MM, 678, 382, 7
MM, 674, 382, 10
MM, 670, 382, 4
MM, 666, 382, 8
MM, 663, 382, 7
MM, 659, 382, 8
MM, 656, 381, 8
MM, 653, 380, 7
MM, 650, 380, 7
MM, 648, 378, 7
MM, 646, 375, 7
MM, 642, 371, 8
MM, 640, 368, 8
MM, 639, 363, 7
MM, 638, 360, 7
MM, 637, 357, 7
MM, 637, 355, 7
MM, 637, 353, 8
MM, 637, 350, 7
MM, 637, 348, 8
MM, 637, 345, 8
MM, 638, 342, 7
MM, 640, 339, 7
MM, 642, 333, 7
MM, 645, 329, 8
MM, 647, 323, 7
MM, 648, 320, 7
MM, 651, 315, 8
MM, 654, 312, 7
MM, 656, 310, 7
MM, 658, 309, 7
MM, 662, 306, 9
MM, 664, 305, 6
MM, 666, 303, 8
MM, 669, 302, 6
MM, 671, 302, 8
MM, 673, 301, 7
MM, 675, 300, 8
MM, 676, 300, 7
MM, 677, 300, 7
MM, 679, 300, 8
MM, 680, 300, 7
MM, 682, 300, 7
MM, 683, 300, 8
MM, 683, 300, 7
MM, 684, 300, 8
MM, 684, 300, 7
MM, 685, 300, 8
MM, 686, 300, 7
MM, 686, 300, 7
MM, 687, 300, 7
MM, 688, 300, 8
MM, 688, 300, 7
MM, 689, 300, 7
MM, 690, 300, 7
MM, 690, 301, 8
MM, 690, 301, 7
MM, 690, 301, 7
MM, 690, 302, 15
MM, 691, 302, 7
MM, 691, 302, 22
MM, 691, 303, 15
MM, 692, 303, 22
MM, 692, 304, 14
MM, 692, 304, 45
MM, 692, 304, 7
MM, 692, 305, 30
MM, 692, 306, 52
MM, 694, 306, 6
MM, 694, 306, 81
MM, 694, 307, 7
MM, 694, 307, 22
MM, 694, 308, 17
MM, 695, 308, 27
MM, 695, 308, 7
MM, 695, 309, 74
MM, 695, 309, 7
MM, 695, 309, 8
MM, 696, 310, 22
MM, 697, 310, 14
MM, 697, 311, 8
MM, 697, 312, 7
MM, 698, 312, 22
MM, 698, 312, 7
MM, 699, 312, 23
MM, 700, 313, 21
MM, 701, 313, 7
MM, 701, 313, 15
MM, 702, 313, 7
MM, 702, 313, 7
MM, 703, 314, 9
MM, 703, 315, 8
MM, 705, 315, 6
MM, 707, 315, 7
MM, 707, 316, 7
MM, 709, 316, 9
MM, 710, 317, 6
MM, 711, 318, 8
MM, 711, 318, 7
MM, 713, 319, 7
MM, 714, 320, 7
MM, 714, 320, 8
MM, 715, 321, 8
MM, 715, 321, 6
MM, 716, 321, 8
MM, 717, 322, 7
MM, 717, 322, 8
MM, 718, 322, 14
MM, 723, 320, 2077
MM, 729, 317, 9
MM, 733, 314, 6
MM, 739, 311, 7
MM, 744, 308, 7
MM, 748, 306, 8
MM, 751, 304, 7
MM, 752, 302, 7
MM, 754, 302, 7
MM, 755, 301, 8
MM, 756, 300, 8
MM, 756, 298, 6
MM, 757, 296, 8
MM, 758, 295, 9
MM, 758, 293, 6
MM, 759, 292, 6
MM, 760, 291, 8
MM, 760, 290, 8
MM, 761, 289, 7
MM, 762, 289, 7
MM, 762, 288, 8
MM, 762, 288, 6
MM, 763, 287, 9
MM, 763, 287, 7
MM, 763, 286, 7
MM, 764, 285, 8
MM, 764, 284, 7
MM, 765, 284, 7
MM, 766, 283, 8
MM, 766, 282, 7
MM, 766, 282, 7
MM, 766, 281, 9
MM, 767, 281, 5
MM, 767, 280, 8
MM, 767, 280, 7
MM, 768, 278, 8
MM, 769, 278, 7
MM, 769, 277, 8
MM, 770, 277, 8
MM, 770, 276, 6
MM, 770, 276, 8
MM, 770, 275, 7
MM, 770, 274, 15
MP, 1, 329
MR, 1, 216
MC, 1, 0
MM, 765, 277, 863
MM, 755, 284, 8
MM, 746, 288, 7
MM, 739, 294, 7
MM, 729, 298, 7
MM, 718, 301, 8
MM, 708, 306, 10
MM, 697, 309, 6
MM, 693, 311, 6
MM, 691, 311, 8
MM, 688, 319, 1438
MM, 684, 327, 6
MM, 678, 336, 8
MM, 673, 343, 8
MM, 666, 351, 8
MM, 658, 358, 6
MM, 649, 367, 8
MM, 640, 376, 6
MM, 631, 383, 8
MM, 621, 390, 7
MM, 609, 400, 8
MM, 606, 402, 7
MM, 624, 385, 345
MM, 648, 363, 8
MM, 670, 344, 7
MM, 691, 325, 7
MM, 711, 310, 8
MM, 725, 299, 7
MM, 729, 295, 7
MM, 747, 280, 8
MM, 753, 276, 7
MM, 743, 281, 3573
MM, 730, 291, 8
MM, 718, 300, 7
MM, 695, 320, 7
MM, 670, 342, 8
MM, 643, 370, 7
MM, 617, 397, 7
MM, 583, 438, 7
MM, 559, 471, 7
MM, 554, 478, 8
MM, 522, 529, 8
MM, 504, 552, 6
MM, 489, 571, 9
MM, 473, 596, 6
MM, 463, 612, 9
MM, 456, 623, 6
MM, 453, 628, 8
MM, 449, 629, 279
MM, 446, 632, 7
MM, 441, 635, 7
MM, 437, 638, 8
MM, 430, 643, 7
MM, 423, 648, 7
MM, 417, 652, 8
MM, 411, 657, 7
MM, 406, 661, 7
MM, 402, 664, 8
MM, 398, 667, 7
MM, 396, 669, 7
MM, 392, 670, 7
MM, 390, 672, 8
MM, 389, 672, 7
MM, 386, 675, 8
MM, 384, 676, 7
MM, 382, 677, 9
MM, 379, 679, 6
MM, 375, 682, 6
MM, 372, 685, 8
MM, 366, 689, 8
MM, 360, 694, 7
MM, 355, 698, 7
MM, 349, 703, 8
MM, 344, 707, 6
MM, 338, 711, 8
MM, 334, 716, 8
MM, 328, 720, 7
MM, 324, 723, 7
MM, 321, 726, 7
MM, 319, 727, 8
MM, 317, 729, 7
MM, 316, 730, 7
MM, 315, 731, 8
MM, 314, 731, 7
MM, 313, 732, 8
MM, 313, 732, 7
MM, 312, 733, 7
MM, 312, 734, 9
MM, 311, 734, 6
MM, 311, 735, 7
MM, 310, 735, 8
MM, 309, 735, 9
MM, 309, 735, 7
MM, 308, 735, 6
MM, 307, 735, 6
MM, 306, 735, 8
MM, 306, 737, 7
MM, 306, 737, 59
MM, 305, 737, 940
MM, 302, 736, 7
MM, 301, 735, 7
MM, 297, 733, 8
MM, 293, 729, 7
MM, 287, 726, 7
MM, 282, 722, 8
MM, 276, 716, 7
MM, 271, 712, 7
MM, 265, 707, 7
MM, 262, 705, 7
MM, 257, 703, 8
MM, 255, 700, 8
MM, 253, 699, 7
MM, 250, 698, 7
MM, 249, 697, 8
MM, 248, 697, 7
MM, 246, 696, 7
MM, 244, 695, 8
MM, 243, 694, 7
MM, 243, 693, 7
MM, 242, 693, 8
MM, 241, 692, 7
MM, 240, 692, 7
MM, 239, 691, 9
MM, 237, 690, 6
MM, 237, 690, 7
MM, 236, 690, 8
MM, 235, 690, 7
MM, 235, 690, 9
MM, 234, 690, 6
MM, 234, 690, 7
MM, 233, 690, 7
MM, 232, 690, 8
MM, 231, 690, 7
MM, 231, 689, 8
MP, 1, 271
MR, 1, 215
MC, 1, 0
MM, 226, 683, 234
MM, 219, 668, 7
MM, 213, 659, 6
MM, 208, 650, 7
MM, 203, 639, 7
MM, 198, 626, 8
MM, 192, 614, 7
MM, 185, 599, 8
MM, 181, 591, 7
MM, 176, 582, 7
MM, 171, 574, 8
MM, 167, 567, 6
MM, 162, 560, 9
MM, 159, 553, 7
MM, 156, 549, 7
MM, 152, 543, 9
MM, 149, 539, 6
MM, 146, 534, 7
MM, 143, 532, 7
MM, 140, 528, 8
MM, 138, 525, 7
MM, 134, 521, 7
MM, 131, 517, 7
MM, 126, 512, 8
MM, 124, 507, 8
MM, 121, 504, 7
MM, 119, 500, 7
MM, 117, 498, 9
MM, 116, 496, 6
MM, 114, 492, 8
MM, 112, 490, 7
MM, 110, 488, 7
MM, 108, 483, 6
MM, 107, 480, 9
MM, 105, 477, 7
MM, 103, 474, 6
MM, 101, 470, 8
MM, 99, 466, 8
MM, 97, 462, 8
MM, 96, 459, 6
MM, 93, 457, 7
MM, 92, 453, 7
MM, 90, 450, 8
MM, 89, 448, 7
MM, 87, 446, 8
MM, 85, 442, 7
MM, 83, 440, 7
MM, 82, 438, 8
MM, 80, 435, 7
MM, 78, 431, 10
MM, 76, 429, 5
MM, 74, 424, 7
MM, 73, 421, 8
MM, 71, 415, 7
MM, 70, 412, 7
MM, 67, 408, 8
MM, 66, 405, 8
MM, 65, 400, 7
MM, 64, 397, 7
MM, 63, 394, 7
MM, 62, 391, 8
MM, 62, 388, 7
MM, 61, 386, 6
MM, 59, 384, 9
MM, 59, 383, 8
MM, 59, 381, 6
MM, 59, 380, 8
MM, 59, 378, 7
MM, 59, 377, 7
MM, 59, 375, 8
MM, 59, 374, 7
MM, 59, 373, 7
MM, 59, 371, 8
MM, 58, 369, 7
MM, 57, 367, 7
MM, 56, 364, 8
MM, 56, 362, 8
MM, 56, 360, 6
MM, 55, 357, 8
MM, 55, 355, 7
MM, 55, 352, 7
MM, 55, 349, 8
MM, 55, 348, 7
MM, 55, 347, 7
MM, 55, 346, 8
MM, 55, 346, 7
MM, 55, 345, 7
MM, 55, 345, 221
MM, 55, 345, 8
MM, 56, 347, 6
MM, 58, 348, 8
MM, 61, 350, 7
MM, 63, 351, 7
MM, 65, 353, 7
MM, 69, 355, 8
MM, 71, 357, 7
MM, 72, 358, 7
MM, 74, 359, 8
MM, 77, 362, 7
MM, 79, 364, 9
MM, 81, 366, 6
MM, 82, 368, 6
MM, 86, 379, 383
MM, 91, 392, 7
MM, 95, 403, 8
MM, 97, 413, 7
MM, 98, 419, 6
MM, 99, 424, 8
MM, 100, 427, 7
MM, 100, 430, 8
MM, 100, 432, 7
MM, 100, 434, 8
MM, 100, 435, 6
MM, 100, 436, 8
MM, 100, 437, 8
MM, 100, 437, 6
MM, 100, 438, 8
MM, 100, 438, 30
MM, 100, 436, 7
MM, 100, 434, 7
MM, 100, 431, 8
MM, 97, 426, 91
MM, 95, 422, 4
MM, 93, 420, 8
MM, 92, 417, 6
MM, 92, 414, 8
MM, 91, 412, 7
MM, 90, 410, 8
MM, 90, 407, 7
MM, 90, 404, 8
MM, 90, 400, 6
MM, 90, 396, 9
MM, 90, 390, 7
MM, 90, 386, 7
MM, 90, 381, 7
MM, 90, 374, 8
MM, 90, 370, 8
MM, 89, 363, 6
MM, 89, 355, 8
MM, 89, 350, 6
MM, 89, 343, 8
MM, 89, 339, 8
MM, 89, 333, 7
MM, 89, 330, 6
MM, 89, 326, 9
MM, 89, 323, 7
MM, 90, 319, 7
MM, 90, 317, 8
MM, 90, 314, 7
MM, 90, 311, 7
MM, 90, 309, 8
MM, 91, 307, 7
MM, 91, 304, 7
MM, 91, 303, 8
MM, 91, 302, 7
MM, 91, 301, 7
MM, 91, 300, 7
MM, 91, 299, 8
MM, 91, 298, 7
MM, 91, 298, 8
MM, 91, 297, 7
MM, 91, 297, 7
MM, 91, 296, 7
MM, 90, 295, 8
MM, 90, 295, 7
MM, 90, 294, 8
MM, 90, 294, 8
MM, 90, 293, 14
MM, 90, 292, 6
MM, 90, 291, 8
MM, 90, 291, 8
MM, 90, 290, 7
MM, 90, 290, 9
MM, 90, 289, 5
MM, 90, 288, 8
MM, 90, 286, 7
MM, 90, 284, 7
MM, 89, 283, 7
MM, 88, 282, 8
MM, 88, 279, 8
MM, 86, 277, 7
MM, 86, 276, 8
MM, 85, 274, 6
MM, 84, 272, 9
MM, 83, 271, 6
MM, 83, 270, 8
MM, 82, 268, 7
MM, 81, 267, 8
MM, 81, 265, 7
MM, 81, 264, 7
MM, 81, 263, 7
MM, 79, 262, 8
MM, 79, 261, 7
MM, 79, 260, 7
MM, 78, 259, 8
MM, 78, 258, 7
MM, 78, 257, 7
MM, 78, 256, 8
MM, 78, 255, 7
MM, 78, 254, 7
MM, 78, 252, 8
MM, 78, 251, 6
MM, 78, 250, 8
MM, 78, 249, 8
MM, 78, 248, 6
MM, 78, 246, 9
MM, 78, 245, 6
MM, 78, 244, 8
MM, 78, 244, 8
MM, 78, 243, 7
MM, 78, 243, 7
MM, 78, 242, 8
MM, 78, 242, 6
MM, 78, 240, 8
MM, 78, 240, 7
MM, 77, 239, 8
MM, 77, 239, 7
MM, 76, 234, 264
MM, 75, 230, 8
MM, 75, 227, 7
MM, 75, 223, 8
MM, 74, 220, 7
MM, 74, 219, 7
MM, 74, 218, 7
MM, 73, 216, 8
MM, 73, 214, 7
MM, 73, 214, 7
MM, 73, 213, 9
MM, 73, 213, 7
MM, 73, 212, 6
MM, 73, 212, 8
MM, 73, 211, 22
MM, 73, 210, 51
MM, 73, 209, 22
MM, 73, 209, 7
MM, 73, 208, 8
MM, 73, 208, 6
MM, 73, 207, 8
MM, 73, 206, 22
MM, 73, 206, 37
MM, 73, 205, 14
MM, 73, 204, 8
MM, 73, 203, 7
MM, 73, 203, 7
MM, 73, 202, 7
MM, 73, 200, 8
MM, 73, 199, 8
MM, 73, 196, 7
MM, 73, 195, 7
MM, 73, 193, 7
MM, 73, 191, 7
MM, 73, 189, 7
MM, 73, 188, 8
MM, 73, 187, 8
MM, 73, 187, 6
MM, 73, 186, 9
MM, 73, 186, 6
MM, 73, 185, 8
MM, 73, 184, 7
MM, 73, 183, 30
MM, 72, 183, 14
MM, 72, 183, 8
MM, 71, 182, 8
MM, 70, 182, 7
MM, 70, 181, 8
MM, 69, 181, 7
MM, 69, 179, 7
MM, 69, 178, 7
MM, 69, 177, 8
MM, 69, 177, 7
MM, 69, 176, 7
MM, 69, 176, 8
MP, 1, 314
MR, 1, 161
MC, 1, 0
MP, 1, 0
MR, 1, 215
MC, 2, 0
MM, 78, 176, 405
MM, 94, 176, 5
MM, 107, 176, 7
MM, 119, 176, 7
MM, 129, 176, 8
MM, 141, 175, 8
MM, 150, 173, 6
MM, 160, 171, 7
MM, 168, 170, 9
MM, 172, 169, 6
MM, 178, 168, 8
MM, 184, 167, 9
MM, 188, 166, 6
MM, 195, 164, 6
MM, 201, 162, 8
MM, 208, 161, 9
MM, 213, 160, 5
MM, 218, 159, 8
MM, 222, 158, 8
MM, 224, 157, 7
MM, 226, 156, 7
MM, 230, 155, 8
MM, 232, 154, 7
MM, 234, 154, 7
MM, 237, 153, 7
MM, 239, 152, 8
MM, 241, 151, 9
MM, 244, 151, 6
MM, 247, 149, 7
MM, 249, 148, 7
MM, 251, 148, 8
MM, 254, 147, 7
MM, 256, 146, 8
MM, 258, 145, 7
MM, 260, 145, 7
MM, 261, 145, 8
MM, 263, 145, 6
MM, 263, 145, 8
MM, 264, 145, 8
MM, 264, 145, 7
MM, 265, 145, 7
MM, 266, 145, 7
MM, 267, 145, 8
MM, 267, 145, 6
MM, 268, 145, 38
MM, 268, 145, 36
MM, 268, 145, 22
MM, 269, 146, 7
MM, 269, 146, 8
MM, 270, 146, 8
MM, 271, 147, 6
MM, 272, 147, 9
MM, 272, 149, 6
MM, 273, 149, 7
MM, 273, 150, 7
MM, 274, 150, 9
MM, 274, 151, 7
MM, 275, 152, 7
MM, 275, 152, 7
MM, 276, 152, 8
MM, 276, 153, 7
MM, 278, 153, 7
MM, 278, 155, 10
MM, 279, 155, 5
MM, 280, 156, 7
MM, 280, 156, 9
MM, 281, 157, 6
MM, 281, 158, 7
MM, 282, 158, 8
MM, 284, 159, 7
MM, 284, 159, 7
MM, 285, 161, 8
MM, 286, 162, 8
MM, 286, 163, 6
MM, 287, 164, 8
MM, 287, 164, 7
MM, 288, 166, 7
MM, 289, 167, 10
MM, 290, 168, 4
MM, 291, 170, 8
MM, 292, 171, 8
MM, 293, 173, 7
MM, 294, 175, 7
MM, 296, 177, 8
MM, 297, 179, 7
MM, 298, 182, 8
MM, 300, 183, 7
MM, 300, 185, 7
MM, 302, 188, 7
MM, 303, 191, 7
MM, 305, 193, 8
MM, 307, 196, 7
MM, 308, 200, 7
MM, 310, 203, 8
MM, 312, 207, 7
MM, 314, 211, 7
MM, 316, 215, 8
MM, 318, 219, 7
MM, 319, 222, 7
MM, 323, 225, 8
MM, 325, 228, 8
MM, 328, 233, 7
MM, 331, 236, 7
MM, 334, 241, 8
MM, 335, 244, 7
MM, 337, 247, 8
MM, 339, 252, 8
MM, 340, 254, 6
MM, 341, 256, 7
MM, 342, 257, 8
MM, 342, 258, 7
MM, 342, 258, 7
MM, 342, 259, 8
MM, 351, 261, 293
MM, 362, 264, 8
MM, 376, 269, 7
MM, 394, 272, 8
MM, 409, 274, 7
MM, 422, 275, 7
MM, 437, 276, 7
MM, 453, 277, 8
MM, 470, 277, 7
MM, 483, 279, 6
MM, 498, 279, 8
MM, 513, 281, 8
MM, 527, 281, 7
MM, 535, 281, 7
MM, 543, 281, 8
MM, 553, 281, 8
MM, 561, 281, 6
MM, 569, 281, 7
MM, 574, 281, 8
MM, 580, 280, 7
MM, 583, 279, 7
MM, 587, 278, 8
MM, 590, 278, 8
MM, 592, 277, 7
MM, 595, 276, 7
MM, 598, 275, 8
MM, 603, 274, 6
MM, 609, 273, 8
MM, 615, 271, 8
MM, 622, 270, 7
MM, 626, 270, 9
MM, 631, 270, 6
MM, 635, 269, 7
MM, 639, 269, 8
MM, 641, 269, 6
MM, 643, 269, 7
MM, 644, 269, 8
MM, 647, 269, 7
MM, 649, 269, 8
MM, 650, 269, 7
MM, 650, 269, 7
MM, 652, 269, 8
MM, 654, 269, 7
MM, 655, 269, 8
MM, 657, 269, 7
MM, 660, 269, 7
MM, 662, 269, 8
MM, 665, 269, 7
MM, 668, 270, 8
MM, 670, 270, 6
MM, 672, 270, 7
MM, 673, 271, 8
MM, 675, 271, 8
MM, 677, 271, 7
MM, 677, 271, 8
MM, 678, 271, 7
MM, 678, 271, 7
MM, 679, 271, 7
MM, 680, 271, 8
MM, 681, 271, 8
MM, 681, 271, 7
MM, 682, 271, 7
MM, 682, 271, 7
MM, 683, 271, 9
MM, 684, 271, 7
MM, 685, 271, 14
MM, 685, 271, 7
MM, 687, 271, 7
MM, 688, 271, 8
MM, 688, 271, 7
MM, 689, 271, 7
MM, 690, 271, 8
MM, 690, 271, 7
MM, 697, 272, 301
MM, 707, 273, 7
MM, 718, 274, 7
MM, 727, 275, 8
MM, 737, 277, 7
MM, 744, 277, 8
MM, 749, 277, 7
MM, 756, 277, 7
MM, 761, 277, 7
MM, 765, 277, 8
MM, 767, 277, 7
MM, 770, 277, 8
MM, 772, 277, 7
MM, 773, 277, 8
MM, 774, 277, 6
MM, 774, 277, 8
MM, 775, 277, 6
MP, 1, 213
MR, 1, 162
MC, 1, 0
MP, 1, 0
MR, 1, 215
MC, 2, 0
MM, 760, 275, 628
MM, 715, 269, 8
MM, 670, 264, 8
MM, 620, 256, 7
MM, 568, 254, 7
MM, 506, 252, 8
MM, 454, 253, 6
MM, 405, 255, 8
MM, 365, 262, 7
MM, 320, 270, 8
MM, 288, 278, 7
MM, 264, 284, 8
MM, 242, 290, 7
MM, 237, 293, 7
MM, 224, 296, 8
MM, 218, 298, 6
MM, 216, 299, 8
MM, 213, 298, 338
MM, 211, 296, 6
MM, 210, 294, 11
MM, 207, 289, 5
MM, 206, 287, 7
MM, 204, 283, 7
MM, 202, 280, 7
MM, 201, 276, 8
MM, 199, 272, 8
MM, 197, 270, 7
MM, 197, 267, 7
MM, 196, 264, 8
MM, 194, 262, 7
MM, 193, 259, 8
MM, 190, 257, 7
MM, 190, 254, 7
MM, 189, 252, 7
MM, 188, 249, 7
MM, 187, 247, 8
MM, 187, 245, 7
MM, 186, 242, 8
MM, 185, 239, 6
MM, 182, 234, 8
MM, 182, 230, 8
MM, 181, 224, 7
MM, 179, 221, 7
MM, 177, 215, 8
MM, 175, 212, 7
MM, 172, 206, 7
MM, 171, 201, 9
MM, 170, 196, 6
MM, 169, 193, 7
MM, 168, 189, 9
MM, 168, 187, 6
MM, 168, 185, 7
MM, 168, 183, 7
MM, 168, 182, 7
MM, 168, 180, 8
MM, 168, 179, 8
MM, 168, 179, 7
MM, 168, 178, 7
MM, 168, 177, 8
MM, 168, 176, 7
MM, 168, 176, 7
MM, 168, 175, 8
MM, 168, 175, 7
MM, 168, 174, 7
MM, 168, 173, 9
MM, 168, 173, 6
MM, 168, 172, 7
MM, 168, 171, 8
MM, 169, 170, 7
MM, 169, 170, 7
MM, 170, 169, 7
MM, 171, 169, 8
MM, 172, 168, 7
MM, 172, 168, 8
MM, 173, 166, 7
MM, 174, 164, 7
MM, 174, 164, 8
MM, 175, 162, 6
MM, 176, 161, 8
MM, 176, 160, 7
MM, 177, 158, 8
MM, 178, 157, 7
MM, 179, 156, 7
MM, 179, 155, 8
MM, 180, 154, 8
MM, 181, 153, 7
MM, 181, 151, 8
MM, 183, 150, 8
MM, 185, 149, 6
MM, 186, 148, 7
MM, 188, 146, 7
MM, 189, 144, 8
MM, 190, 143, 7
MM, 191, 142, 7
MM, 193, 141, 8
MM, 194, 139, 7
MM, 195, 137, 7
MM, 196, 136, 8
MM, 198, 134, 7
MM, 198, 134, 8
MM, 200, 132, 7
MM, 200, 132, 6
MM, 201, 131, 8
MM, 202, 130, 8
MM, 203, 129, 7
MM, 203, 129, 7
MM, 204, 128, 8
MM, 205, 128, 6
MM, 205, 127, 8
MM, 206, 127, 8
MM, 207, 126, 7
MM, 207, 125, 7
MM, 208, 124, 7
MM, 208, 124, 7
MM, 209, 123, 9
MM, 211, 122, 29
MM, 211, 122, 6
MM, 212, 121, 8
MM, 213, 121, 10
MM, 213, 120, 5
MM, 214, 120, 8
MM, 214, 120, 8
MM, 215, 120, 6
MM, 215, 120, 7
MM, 217, 120, 8
MM, 217, 120, 8
MM, 218, 120, 14
MM, 218, 120, 7
MM, 219, 120, 8
MM, 220, 120, 7
MM, 220, 120, 8
MM, 221, 120, 6
MM, 221, 120, 7
MM, 222, 120, 8
MM, 223, 124, 316
MM, 224, 131, 7
MM, 225, 135, 7
MM, 225, 140, 8
MM, 226, 145, 7
MM, 226, 149, 7
MM, 226, 152, 8
MM, 226, 156, 7
MM, 227, 160, 10
MM, 227, 166, 4
MM, 227, 170, 8
MM, 227, 176, 7
MM, 227, 182, 8
MM, 227, 186, 7
MM, 227, 191, 7
MM, 227, 194, 9
MM, 227, 198, 14
MM, 227, 201, 3
MM, 227, 204, 3
MM, 227, 208, 10
MM, 227, 211, 6
MM, 227, 215, 6
MM, 227, 218, 8
MM, 227, 222, 7
MM, 227, 224, 8
MM, 227, 227, 7
MM, 227, 230, 7
MM, 227, 232, 8
MM, 227, 233, 7
MM, 227, 234, 7
MM, 227, 236, 8
MM, 227, 238, 6
MM, 227, 239, 8
MM, 227, 240, 8
MM, 227, 242, 7
MM, 227, 244, 7
MM, 227, 244, 8
MM, 227, 245, 7
MM, 227, 246, 8
MM, 227, 247, 7
MM, 227, 247, 6
MM, 227, 248, 8
MM, 227, 249, 7
MM, 227, 250, 7
MM, 227, 251, 9
MM, 227, 253, 8
MM, 227, 256, 6
MM, 227, 258, 8
MM, 227, 260, 7
MM, 228, 264, 9
MM, 228, 267, 6
MM, 228, 270, 7
MM, 228, 272, 7
MM, 228, 274, 7
MM, 228, 276, 8
MM, 228, 278, 7
MM, 228, 279, 8
MM, 228, 280, 7
MM, 228, 281, 7
MM, 228, 281, 7
MM, 228, 282, 8
MM, 228, 283, 7
MM, 228, 284, 7
MM, 228, 284, 7
MM, 228, 285, 10
MM, 228, 285, 6
MM, 228, 286, 6
MM, 228, 287, 8
MM, 228, 287, 7
MM, 228, 288, 15
MM, 228, 288, 37
MM, 228, 289, 15
MM, 228, 290, 7
MM, 228, 291, 21
MM, 228, 291, 8
MM, 228, 292, 15
MM, 228, 292, 8
MM, 228, 293, 7
MM, 228, 293, 7
MM, 228, 294, 7
MM, 228, 295, 7
MM, 228, 296, 10
MM, 228, 296, 5
MM, 228, 297, 8
MM, 228, 298, 7
MM, 228, 298, 7
MM, 228, 299, 8
MM, 228, 299, 6
MM, 228, 300, 8
MM, 228, 300, 15
MM, 228, 302, 14
MM, 228, 302, 8
MM, 228, 303, 15
MM, 228, 303, 14
MM, 228, 303, 264
MM, 227, 302, 8
MM, 227, 300, 7
MM, 226, 300, 7
MM, 225, 298, 7
MM, 224, 298, 8
MM, 223, 297, 7
MM, 222, 297, 7
MM, 222, 295, 8
MM, 221, 295, 7
MM, 221, 294, 8
MM, 220, 294, 6
MM, 219, 294, 16
MM, 219, 294, 66
MM, 219, 294, 6
MM, 219, 296, 8
MM, 219, 298, 8
MM, 219, 300, 7
MM, 219, 303, 8
MM, 219, 305, 6
MM, 219, 307, 8
MM, 219, 309, 7
MM, 219, 312, 7
MM, 219, 313, 8
MM, 219, 315, 7
MM, 219, 316, 7
MM, 219, 318, 8
MM, 219, 319, 8
MM, 219, 321, 6
MM, 219, 322, 8
MM, 219, 324, 8
MM, 219, 325, 7
MM, 219, 327, 7
MM, 219, 328, 7
MM, 219, 329, 8
MM, 219, 331, 6
MM, 219, 333, 9
MM, 219, 334, 7
MM, 219, 335, 7
MM, 219, 337, 7
MM, 219, 339, 8
MM, 219, 340, 6
MM, 219, 341, 9
MM, 219, 342, 7
MM, 219, 345, 6
MM, 219, 346, 9
MM, 219, 347, 7
MM, 219, 348, 7
MM, 219, 351, 8
MM, 219, 352, 8
MM, 219, 353, 6
MM, 219, 354, 8
MM, 219, 355, 7
MM, 219, 357, 7
MM, 219, 357, 8
MM, 219, 359, 7
MM, 219, 359, 7
MM, 219, 360, 7
MM, 219, 361, 7
MM, 219, 363, 8
MM, 220, 365, 7
MM, 221, 366, 7
MM, 221, 367, 8
MM, 221, 370, 8
MM, 221, 372, 7
MM, 221, 374, 7
MM, 221, 376, 8
MM, 221, 379, 7
MM, 221, 380, 7
MM, 221, 381, 8
MM, 221, 383, 6
MM, 221, 385, 8
MM, 221, 385, 8
MM, 221, 386, 7
MM, 221, 386, 7
MM, 221, 387, 8
MM, 221, 388, 7
MM, 221, 388, 7
MM, 221, 389, 8
MM, 221, 390, 7
MM, 221, 391, 7
MM, 221, 391, 7
MM, 221, 392, 8
MM, 221, 392, 7
MM, 221, 393, 8
MM, 221, 393, 7
MM, 221, 394, 9
MM, 221, 395, 6
MM, 221, 396, 6
MM, 221, 396, 31
MM, 221, 397, 21
MM, 221, 397, 22
MM, 221, 398, 8
MM, 221, 399, 7
MM, 221, 399, 22
MM, 221, 400, 15
MM, 221, 400, 28
MM, 221, 400, 45
MM, 221, 401, 29
MM, 221, 401, 8
MM, 221, 402, 14
MM, 221, 403, 14
MM, 221, 403, 23
MM, 221, 403, 7
MM, 221, 404, 15
MM, 220, 404, 22
MM, 220, 404, 67
MM, 220, 405, 8
MM, 220, 405, 6
MM, 220, 406, 15
MM, 219, 407, 21
MM, 219, 408, 8
MM, 219, 408, 7
MP, 1, 491
MR, 1, 175
MC, 1, 0
MP, 1, 1
MR, 1, 216
MC, 2, 0
MM, 217, 392, 246
MM, 212, 358, 8
MM, 208, 331, 8
MM, 203, 300, 7
MM, 200, 274, 7
MM, 199, 260, 8
MM, 197, 246, 7
MM, 196, 234, 7
MM, 195, 223, 8
MM, 194, 215, 7
MM, 192, 207, 7
MM, 191, 201, 8
MM, 190, 197, 7
MM, 190, 194, 7
MM, 190, 192, 8
MM, 190, 190, 7
MM, 189, 188, 8
MM, 189, 188, 7
MM, 189, 187, 7
MM, 189, 187, 7
MM, 189, 186, 8
MM, 189, 186, 22
MM, 189, 186, 220
MM, 191, 186, 7
MM, 192, 186, 8
MM, 192, 187, 7
MM, 193, 188, 6
MM, 194, 188, 9
MM, 194, 189, 7
MM, 195, 190, 7
MM, 195, 191, 7
MM, 196, 191, 8
MM, 197, 192, 7
MM, 197, 192, 8
MM, 198, 192, 14
MM, 198, 193, 9
MM, 199, 193, 12
MM, 199, 193, 15
MM, 199, 194, 8
MM, 199, 195, 8
MM, 199, 195, 6
MM, 200, 196, 16
MM, 200, 197, 29
MM, 201, 197, 8
MM, 201, 198, 36
MM, 201, 198, 7
MM, 201, 199, 15
MM, 202, 199, 7
MM, 202, 199, 8
MM, 202, 199, 7
MM, 202, 200, 15
MP, 1, 286
MR, 1, 160
MC, 1, 0
MP, 1, 0
MR, 1, 216
MC, 2, 0
MM, 203, 200, 490
MM, 204, 198, 7
MM, 206, 196, 6
MM, 207, 193, 9
MM, 207, 191, 7
MM, 208, 188, 7
MM, 210, 185, 7
MM, 211, 182, 8
MM, 211, 178, 7
MM, 212, 174, 8
MM, 213, 169, 8
MM, 213, 166, 6
MM, 213, 161, 7
MM, 213, 158, 7
MM, 213, 156, 7
MM, 213, 152, 8
MM, 213, 150, 8
MM, 213, 148, 7
MM, 213, 146, 7
MM, 213, 144, 8
MM, 214, 143, 7
MM, 214, 142, 8
MM, 214, 142, 7
MM, 214, 140, 7
MM, 214, 139, 8
MM, 214, 139, 7
MM, 214, 138, 6
MM, 214, 138, 9
MM, 214, 137, 7
MM, 214, 136, 7
MM, 214, 136, 7
MM, 214, 135, 8
MM, 214, 135, 7
MM, 214, 134, 7
MM, 214, 133, 7
MM, 214, 132, 8
MM, 214, 132, 7
MM, 214, 131, 23
MM, 215, 131, 44
MM, 216, 131, 29
MM, 217, 131, 29
MM, 217, 131, 14
MM, 218, 131, 8
MM, 219, 131, 23
MM, 219, 131, 6
MM, 220, 131, 23
MM, 220, 131, 7
MM, 221, 132, 7
MM, 221, 133, 8
MM, 223, 134, 7
MM, 223, 134, 7
MM, 224, 135, 7
MM, 224, 136, 7
MM, 225, 136, 9
MM, 225, 136, 7
MM, 226, 136, 16
MM, 226, 137, 6
MM, 226, 137, 14
MM, 227, 138, 15
MM, 227, 138, 7
MM, 227, 139, 8
MM, 228, 140, 7
MM, 229, 141, 7
MM, 230, 141, 8
MM, 230, 142, 6
MM, 230, 143, 8
MM, 230, 143, 7
MM, 231, 144, 8
MM, 231, 144, 8
MM, 231, 146, 8
MM, 232, 148, 6
MM, 233, 149, 7
MM, 233, 151, 9
MM, 234, 154, 6
MM, 236, 156, 7
MM, 236, 159, 8
MM, 237, 162, 6
MM, 238, 164, 8
MM, 238, 166, 8
MM, 239, 169, 6
MM, 239, 171, 9
MM, 239, 173, 7
MM, 239, 175, 7
MM, 239, 177, 8
MM, 239, 178, 7
MM, 239, 179, 7
MM, 239, 181, 7
MM, 239, 182, 8
MM, 239, 182, 7
MM, 239, 183, 7
MM, 239, 184, 8
MM, 239, 184, 7
MM, 239, 185, 8
MM, 239, 185, 7
MM, 239, 186, 7
MM, 239, 186, 9
MM, 239, 188, 6
MM, 239, 188, 7
MM, 239, 189, 8
MM, 239, 189, 7
MM, 239, 190, 7
MM, 239, 190, 7
MM, 239, 191, 10
MM, 239, 192, 5
MM, 239, 192, 7
MM, 239, 193, 8
MM, 239, 193, 7
MM, 239, 194, 8
MM, 239, 194, 14
MM, 239, 195, 7
MM, 239, 196, 8
MM, 239, 196, 7
MM, 239, 197, 7
MM, 239, 198, 8
MM, 239, 199, 7
MM, 239, 199, 8
MM, 239, 200, 7
MM, 239, 200, 7
MM, 239, 201, 7
MM, 239, 201, 8
MM, 239, 202, 7
MM, 239, 202, 14
MM, 239, 204, 52
MM, 240, 204, 8
MM, 240, 204, 29
MM, 240, 205, 29
MM, 240, 205, 7
MM, 240, 206, 8
MM, 240, 207, 7
MM, 240, 207, 8
MM, 240, 208, 7
MM, 240, 208, 7
MM, 240, 209, 7
MM, 240, 210, 9
MM, 240, 211, 6
MM, 240, 211, 8
MM, 240, 212, 7
MM, 240, 212, 7
MM, 240, 213, 7
MM, 240, 213, 8
MM, 240, 214, 7
MM, 240, 215, 8
MM, 240, 216, 7
MM, 240, 216, 7
MM, 240, 217, 8
MM, 240, 217, 7
MM, 240, 218, 7
MM, 240, 219, 8
MM, 240, 220, 6
MM, 240, 222, 8
MM, 240, 222, 7
MM, 240, 223, 8
MM, 240, 223, 8
MM, 240, 224, 7
MM, 240, 225, 7
MM, 239, 225, 8
MM, 239, 226, 8
MM, 239, 226, 5
MM, 239, 228, 8
MM, 239, 228, 9
MM, 239, 229, 6
MM, 239, 229, 7
MM, 238, 230, 8
MM, 238, 230, 9
MM, 237, 231, 5
MM, 237, 232, 8
MM, 236, 232, 7
MM, 236, 233, 8
MM, 236, 234, 7
MM, 235, 235, 7
MM, 235, 235, 8
MM, 235, 236, 7
MM, 234, 236, 7
MM, 234, 237, 7
MM, 234, 237, 8
MM, 234, 238, 6
MM, 234, 238, 8
MM, 234, 240, 8
MM, 234, 240, 7
MM, 234, 241, 7
MM, 234, 241, 8
MM, 234, 242, 7
MM, 234, 243, 9
MM, 234, 243, 6
MM, 234, 244, 7
MM, 234, 244, 7
MM, 234, 245, 8
MM, 234, 246, 7
MM, 234, 247, 8
MM, 234, 247, 7
MM, 234, 248, 7
MM, 234, 248, 7
MM, 234, 249, 8
MM, 234, 249, 7
MM, 234, 250, 7
MM, 234, 251, 8
MM, 234, 252, 7
MM, 234, 252, 8
MM, 234, 253, 7
MM, 234, 254, 7
MM, 234, 254, 7
MM, 234, 255, 7
MM, 234, 255, 8
MM, 234, 256, 7
MM, 234, 257, 7
MM, 234, 258, 8
MM, 234, 258, 8
MM, 234, 259, 7
MM, 234, 259, 8
MM, 234, 260, 7
MM, 234, 260, 6
MM, 234, 261, 8
MM, 234, 262, 15
MM, 234, 263, 14
MM, 234, 263, 102
MM, 234, 264, 16
MM, 234, 264, 29
MM, 234, 265, 51
MM, 236, 266, 617
MM, 239, 266, 7
MM, 245, 267, 8
MM, 250, 268, 7
MM, 254, 269, 7
MM, 257, 270, 7
MM, 261, 271, 9
MM, 263, 271, 6
MM, 265, 273, 7
MM, 268, 273, 8
MM, 271, 273, 7
MM, 272, 273, 7
MM, 273, 273, 7
MM, 275, 273, 8
MM, 276, 274, 8
MM, 276, 274, 7
MM, 277, 274, 7
MM, 277, 274, 7
MM, 278, 274, 8
MM, 279, 274, 6
MM, 279, 274, 9
MM, 280, 274, 6
MM, 280, 274, 8
MM, 281, 275, 22
MP, 1, 1034
MR, 1, 169
MC, 1, 0
MP, 1, 0
MR, 1, 215
MC, 2, 0
MM, 279, 266, 512
MM, 274, 254, 7
MM, 270, 243, 7
MM, 267, 235, 8
MM, 263, 224, 7
MM, 259, 214, 7
MM, 257, 206, 7
MM, 255, 199, 9
MM, 252, 193, 8
MM, 249, 186, 5
MM, 246, 180, 8
MM, 243, 175, 7
MM, 239, 169, 8
MM, 238, 167, 7
MM, 236, 165, 7
MM, 235, 161, 7
MM, 233, 159, 8
MM, 232, 158, 7
MM, 231, 157, 8
MM, 230, 156, 8
MM, 230, 155, 7
MM, 229, 155, 7
MM, 229, 154, 7
MM, 229, 154, 8
MM, 229, 153, 36
MM, 228, 152, 7
MM, 228, 152, 7
MM, 227, 151, 7
MM, 227, 150, 9
MM, 226, 149, 7
MM, 226, 149, 7
MM, 226, 148, 8
MM, 225, 146, 7
MM, 224, 145, 7
MM, 224, 143, 7
MM, 224, 141, 8
MM, 224, 140, 7
MM, 224, 140, 7
MM, 223, 137, 8
MM, 222, 135, 7
MM, 221, 133, 7
MM, 220, 129, 7
MM, 218, 128, 8
MM, 218, 126, 7
MM, 217, 124, 9
MM, 216, 122, 7
MM, 216, 122, 7
MM, 215, 121, 7
MM, 215, 120, 7
MM, 215, 120, 8
MM, 215, 119, 7
MM, 215, 119, 7
MM, 215, 119, 74
MM, 215, 119, 7
MM, 215, 119, 7
MM, 215, 121, 8
MM, 215, 124, 6
MM, 216, 127, 8
MM, 217, 132, 8
MM, 219, 139, 7
MM, 222, 149, 7
MM, 223, 156, 8
MM, 224, 163, 7
MM, 224, 167, 7
MM, 224, 172, 7
MM, 224, 175, 8
MM, 224, 179, 7
MM, 224, 182, 8
MM, 224, 184, 6
MM, 224, 188, 8
MM, 224, 190, 9
MM, 224, 192, 6
MM, 224, 194, 7
MM, 224, 195, 8
MM, 224, 197, 7
MM, 224, 198, 7
MM, 224, 201, 8
MM, 224, 203, 7
MM, 224, 205, 7
MM, 224, 208, 8
MM, 224, 210, 7
MM, 225, 212, 7
MM, 225, 215, 7
MM, 225, 216, 8
MM, 225, 217, 8
MM, 225, 218, 6
MM, 225, 220, 8
MM, 225, 221, 7
MM, 225, 222, 7
MM, 225, 222, 8
MM, 225, 223, 7
MM, 225, 225, 8
MM, 225, 226, 7
MM, 225, 228, 8
MM, 225, 229, 7
MM, 225, 231, 7
MM, 225, 232, 9
MM, 225, 233, 6
MM, 225, 235, 7
MM, 225, 236, 9
MM, 225, 237, 6
MM, 225, 237, 6
MM, 225, 238, 8
MM, 225, 239, 8
MM, 225, 239, 7
MM, 226, 241, 8
MM, 226, 241, 7
MM, 226, 242, 6
MM, 226, 242, 8
MM, 226, 243, 8
MM, 226, 244, 7
MM, 226, 244, 7
MM, 226, 245, 8
MM, 226, 245, 6
MM, 226, 246, 8
MM, 226, 247, 22
MM, 226, 248, 15
MM, 226, 248, 8
MM, 226, 249, 7
MM, 226, 249, 7
MM, 226, 250, 8
MM, 226, 250, 7
MM, 226, 251, 6
MM, 226, 252, 10
MM, 226, 252, 6
MM, 226, 253, 29
MM, 226, 253, 52
MM, 227, 251, 7
MM, 229, 248, 7
MM, 230, 241, 8
MM, 230, 233, 7
MM, 230, 226, 8
MM, 230, 217, 7
MM, 230, 206, 7
MM, 227, 195, 7
MM, 225, 186, 8
MM, 224, 179, 7
MM, 223, 173, 9
MM, 222, 168, 6
MM, 222, 165, 7
MM, 221, 160, 10
MM, 220, 157, 5
MM, 218, 154, 7
MM, 218, 152, 7
MM, 217, 150, 8
MM, 216, 147, 7
MM, 215, 144, 7
MM, 215, 143, 7
MM, 215, 142, 7
MM, 215, 140, 8
MM, 215, 138, 7
MM, 215, 137, 9
MM, 215, 136, 6
MM, 215, 135, 7
MM, 215, 135, 8
MM, 215, 133, 9
MM, 215, 132, 5
MM, 215, 132, 7
MM, 215, 131, 8
MM, 215, 130, 7
MM, 215, 130, 7
MM, 215, 129, 8
MM, 215, 127, 7
MM, 215, 127, 8
MM, 215, 126, 6
MM, 215, 126, 9
MM, 215, 125, 8
MM, 215, 124, 5
MM, 215, 124, 9
MM, 215, 123, 6
MM, 215, 123, 8
MM, 215, 122, 8
MM, 215, 121, 6
MM, 215, 121, 110
MM, 215, 122, 8
MM, 215, 122, 7
MM, 215, 123, 8
MM, 215, 125, 7
MM, 215, 130, 7
MM, 216, 136, 8
MM, 216, 142, 7
MM, 217, 149, 8
MM, 218, 155, 7
MM, 218, 162, 7
MM, 218, 168, 8
MM, 218, 174, 7
MM, 218, 181, 7
MM, 218, 186, 7
MM, 218, 190, 8
MM, 218, 194, 7
MM, 218, 197, 8
MM, 218, 200, 7
MM, 218, 204, 8
MM, 218, 207, 8
MM, 218, 210, 6
MM, 218, 213, 8
MM, 220, 215, 7
MM, 220, 219, 7
MM, 220, 222, 8
MM, 221, 227, 7
MM, 221, 229, 7
MM, 221, 231, 7
MM, 221, 234, 8
MM, 221, 236, 7
MM, 221, 237, 7
MM, 221, 238, 8
MM, 221, 241, 7
MM, 221, 242, 8
MM, 221, 242, 7
MM, 221, 243, 7
MM, 221, 244, 8
MM, 221, 244, 7
MM, 221, 245, 8
MM, 221, 245, 8
MM, 221, 245, 43
MM, 219, 245, 7
MM, 216, 241, 7
MM, 208, 233, 7
MM, 202, 224, 8
MM, 194, 217, 9
MM, 187, 209, 5
MM, 180, 201, 8
MM, 172, 192, 9
MM, 166, 186, 5
MM, 161, 178, 8
MM, 156, 171, 7
MM, 152, 166, 7
MM, 146, 159, 8
MM, 142, 154, 7
MM, 138, 148, 7
MM, 132, 141, 8
MM, 128, 136, 7
MM, 122, 130, 7
MM, 119, 125, 7
MM, 114, 120, 8
MM, 110, 117, 7
MM, 108, 116, 8
MM, 104, 114, 7
MM, 101, 112, 7
MM, 98, 111, 8
MM, 97, 110, 7
MM, 96, 110, 7
MM, 94, 110, 8
MM, 94, 110, 7
MM, 93, 110, 8
MM, 92, 110, 6
MM, 91, 110, 8
MM, 91, 110, 8
MM, 90, 110, 7
MM, 90, 110, 9
MM, 89, 110, 5
MM, 89, 110, 7
MM, 88, 110, 9
MM, 87, 110, 6
MM, 86, 110, 8
MM, 86, 110, 7
MM, 85, 110, 30
MM, 84, 110, 36
MM, 84, 110, 23
MM, 83, 109, 13
MM, 83, 109, 8
MM, 82, 109, 8
MM, 82, 109, 7
MM, 80, 108, 7
MM, 80, 108, 8
MM, 79, 107, 7
MM, 79, 107, 7
MM, 78, 106, 8
MM, 77, 105, 6
MM, 77, 105, 8
MM, 76, 105, 8
MM, 76, 104, 7
MM, 74, 104, 7
MM, 72, 103, 9
MM, 71, 102, 6
MM, 70, 102, 7
MM, 68, 101, 7
MM, 66, 100, 7
MM, 66, 100, 8
MM, 65, 99, 7
MM, 64, 98, 8
MM, 64, 98, 7
MM, 63, 98, 7
MM, 63, 97, 15
MM, 64, 97, 22
MM, 66, 96, 8
MM, 70, 95, 7
MM, 75, 94, 7
MM, 83, 94, 7
MM, 95, 94, 8
MM, 107, 94, 7
MM, 117, 94, 8
MM, 126, 94, 7
MM, 138, 94, 7
MM, 150, 96, 8
MM, 163, 98, 8
MM, 177, 99, 6
MM, 186, 101, 8
MM, 200, 104, 7
MM, 211, 106, 8
MM, 219, 108, 8
MM, 227, 110, 6
MM, 233, 111, 8
MM, 237, 114, 6
MM, 242, 115, 8
MM, 244, 116, 7
MM, 246, 117, 7
MM, 249, 117, 7
MM, 251, 118, 8
MM, 252, 119, 8
MM, 253, 119, 7
MM, 253, 119, 7
MM, 254, 119, 8
MM, 254, 119, 58
MM, 254, 121, 8
MM, 254, 122, 8
MM, 254, 124, 6
MM, 254, 125, 8
MM, 254, 126, 7
MM, 253, 129, 8
MM, 252, 131, 6
MM, 252, 133, 8
MM, 252, 136, 8
MM, 252, 139, 6
MM, 251, 143, 8
MM, 251, 149, 7
MM, 251, 155, 8
MM, 251, 163, 7
MM, 251, 173, 7
MM, 251, 179, 8
MM, 251, 189, 6
MM, 251, 201, 9
MM, 251, 212, 6
MM, 251, 222, 9
MM, 251, 230, 8
MM, 251, 237, 5
MM, 251, 242, 8
MM, 251, 246, 7
MM, 251, 249, 8
MM, 251, 253, 7
MM, 251, 255, 8
MM, 251, 257, 7
MM, 251, 259, 7
MM, 251, 259, 7
MM, 251, 260, 8
MM, 251, 260, 7
MM, 251, 261, 7
MM, 251, 261, 7
MM, 251, 262, 8
MM, 251, 263, 7
MM, 249, 261, 249
MM, 247, 257, 8
MM, 245, 254, 8
MM, 244, 251, 7
MM, 241, 246, 7
MM, 239, 243, 7
MM, 238, 238, 8
MM, 235, 234, 7
MM, 231, 229, 8
MM, 228, 224, 7
MM, 225, 218, 7
MM, 221, 214, 8
MM, 217, 209, 6
MM, 213, 205, 8
MM, 209, 201, 8
MM, 206, 199, 7
MM, 202, 197, 7
MM, 199, 195, 7
MM, 197, 193, 9
MM, 194, 192, 6
MM, 191, 192, 8
MM, 189, 191, 7
MM, 186, 189, 7
MM, 184, 188, 8
MM, 181, 185, 7
MM, 177, 183, 7
MM, 171, 177, 8
MM, 161, 171, 7
MM, 151, 163, 7
MM, 143, 157, 8
MM, 136, 150, 6
MM, 130, 145, 8
MM, 124, 140, 8
MM, 120, 137, 7
MM, 115, 132, 7
MM, 112, 129, 7
MM, 107, 126, 7
MM, 103, 121, 10
MM, 100, 118, 5
MM, 97, 114, 8
MM, 95, 112, 8
MM, 92, 110, 7
MM, 89, 106, 7
MM, 87, 104, 7
MM, 86, 102, 9
MM, 84, 101, 6
MM, 83, 99, 7
MM, 81, 97, 7
MM, 79, 96, 8
MM, 78, 94, 7
MM, 76, 94, 7
MM, 73, 91, 7
MM, 71, 90, 8
MM, 68, 88, 7
MM, 63, 86, 7
MM, 60, 86, 9
MM, 56, 85, 6
MM, 52, 83, 8
MM, 48, 83, 7
MM, 46, 83, 8
MM, 44, 83, 7
MM, 43, 83, 7
MM, 41, 83, 8
MM, 39, 83, 7
MM, 38, 82, 7
MM, 37, 82, 8
MM, 34, 82, 7
MM, 31, 81, 7
MM, 30, 80, 8
MM, 29, 80, 6
MM, 26, 79, 8
MM, 25, 79, 8
MM, 24, 79, 7
MM, 23, 79, 7
MM, 23, 79, 8
MM, 22, 79, 9
MM, 21, 79, 5
MM, 20, 79, 8
MM, 20, 79, 8
MM, 19, 79, 6
MM, 19, 79, 118
MM, 19, 78, 22
MM, 19, 78, 7
MM, 19, 77, 21
MM, 19, 76, 16
MM, 19, 75, 7
MM, 19, 75, 15
MM, 19, 74, 14
MM, 19, 74, 15
MM, 19, 73, 21
MM, 19, 73, 23
MM, 19, 72, 15
MM, 19, 71, 8
MM, 19, 70, 14
MM, 19, 70, 22
MM, 19, 69, 15
MM, 19, 69, 15
MM, 19, 68, 36
MP, 1, 550
MR, 1, 215
MC, 1, 0
MM, 28, 72, 2082
MM, 42, 82, 7
MM, 58, 93, 7
MM, 77, 103, 9
MM, 103, 118, 6
MM, 122, 131, 7
MM, 142, 145, 7
MM, 169, 164, 7
MM, 191, 181, 8
MM, 206, 195, 7
MM, 223, 207, 8
MM, 238, 219, 8
MM, 250, 230, 6
MM, 260, 241, 8
MM, 269, 251, 8
MM, 278, 258, 7
MM, 284, 266, 7
MM, 290, 272, 8
MM, 294, 277, 7
MM, 298, 283, 7
MM, 302, 288, 8
MM, 306, 292, 7
MM, 309, 296, 7
MM, 311, 300, 8
MM, 313, 303, 7
MM, 314, 305, 7
MM, 314, 307, 8
MM, 315, 308, 7
MM, 316, 309, 7
MM, 316, 310, 9
MM, 316, 310, 6
MM, 316, 311, 7
MM, 316, 311, 8
MM, 316, 312, 6
MM, 316, 313, 9
MM, 316, 314, 7
MM, 317, 315, 6
MM, 317, 316, 8
MM, 318, 318, 8
MM, 320, 319, 7
MM, 321, 322, 7
MM, 323, 326, 8
MM, 325, 330, 7
MM, 326, 335, 7
MM, 329, 341, 8
MM, 331, 345, 9
MM, 334, 352, 5
MM, 336, 357, 8
MM, 340, 364, 8
MM, 343, 372, 6
MM, 347, 382, 8
MM, 350, 392, 6
MM, 352, 399, 8
MM, 354, 407, 7
MM, 356, 414, 8
MM, 359, 424, 7
MM, 360, 433, 8
MM, 361, 443, 7
MM, 362, 451, 7
MM, 363, 458, 8
MM, 364, 465, 7
MM, 364, 470, 7
MM, 365, 478, 7
MM, 365, 487, 9
MM, 365, 494, 6
MM, 365, 498, 8
MM, 365, 502, 6
MM, 365, 505, 8
MM, 365, 506, 8
MM, 365, 507, 7
MM, 365, 508, 7
MM, 363, 494, 8152
MM, 357, 468, 7
MM, 349, 445, 7
MM, 343, 419, 8
MM, 332, 395, 7
MM, 321, 367, 7
MM, 310, 337, 8
MM, 299, 311, 7
MM, 292, 287, 8
MM, 286, 270, 8
MM, 283, 258, 6
MM, 280, 248, 7
MM, 277, 238, 8
MM, 274, 229, 7
MM, 272, 221, 7
MM, 270, 215, 8
MM, 269, 209, 7
MM, 266, 203, 7
MM, 264, 200, 8
MM, 262, 194, 7
MM, 260, 191, 8
MM, 258, 187, 7
MM, 256, 183, 8
MM, 254, 179, 7
MM, 253, 175, 8
MM, 251, 172, 6
MM, 248, 168, 8
MM, 247, 165, 8
MM, 245, 162, 7
MM, 243, 157, 7
MM, 241, 152, 7
MM, 239, 148, 8
MM, 237, 145, 7
MM, 235, 139, 7
MM, 233, 133, 8
MM, 230, 126, 7
MM, 228, 119, 8
MM, 226, 114, 6
MM, 224, 107, 8
MM, 222, 103, 9
MM, 220, 98, 6
MM, 218, 96, 6
MM, 217, 93, 8
MM, 216, 91, 8
MM, 214, 89, 7
MM, 213, 88, 8
MM, 212, 85, 7
MM, 212, 85, 8
MM, 211, 84, 6
MM, 210, 83, 7
MM, 210, 83, 9
MM, 209, 81, 7
MM, 209, 81, 7
MM, 208, 79, 7
MM, 208, 79, 7
MM, 211, 84, 375
MM, 218, 93, 7
MM, 224, 103, 7
MM, 233, 112, 8
MM, 241, 119, 7
MM, 247, 126, 7
MM, 254, 132, 9
MM, 258, 136, 6
MM, 263, 138, 7
MM, 266, 142, 7
MM, 271, 144, 8
MM, 273, 145, 8
MM, 275, 146, 6
MM, 277, 147, 8
MM, 278, 148, 7
MM, 279, 148, 8
MM, 279, 148, 7
MM, 280, 148, 7
MM, 282, 153, 1555
MM, 285, 161, 8
MM, 288, 168, 7
MM, 291, 174, 7
MM, 293, 181, 8
MM, 295, 185, 8
MM, 296, 189, 7
MM, 297, 192, 8
MM, 297, 195, 7
MM, 299, 197, 8
MM, 299, 198, 6
MM, 299, 199, 8
MM, 299, 200, 7
MM, 299, 203, 7
MM, 300, 204, 8
MM, 300, 205, 8
MM, 301, 207, 7
MM, 302, 209, 7
MM, 302, 210, 7
MM, 302, 211, 8
MM, 302, 213, 7
MM, 302, 216, 9
MM, 302, 217, 6
MM, 302, 219, 7
MM, 302, 221, 8
MM, 302, 224, 6
MM, 302, 226, 8
MM, 302, 228, 7
MM, 302, 229, 7
MM, 302, 231, 7
MM, 302, 232, 8
MM, 302, 233, 7
MM, 302, 233, 7
MM, 302, 234, 8
MM, 302, 235, 8
MM, 302, 235, 7
MM, 302, 236, 8
MM, 302, 237, 7
MM, 302, 238, 7
MM, 302, 238, 7
MM, 301, 239, 8
MM, 300, 240, 6
MM, 299, 241, 8
MM, 298, 244, 8
MM, 298, 245, 7
MM, 297, 246, 7
MM, 296, 248, 7
MM, 295, 250, 8
MM, 295, 250, 8
MM, 294, 251, 7
MM, 294, 252, 7
MM, 292, 252, 7
MM, 292, 253, 8
MM, 292, 253, 6
MM, 292, 254, 8
MM, 292, 254, 7
MM, 291, 256, 8
MM, 291, 256, 7
MM, 290, 257, 15
MM, 290, 257, 7
MM, 289, 258, 15
MM, 289, 259, 7
MM, 288, 259, 7
MM, 288, 259, 8
MM, 288, 260, 7
MM, 287, 260, 8
MM, 287, 261, 6
MM, 287, 261, 10
MM, 287, 262, 7
MM, 286, 263, 6
MM, 286, 263, 9
MM, 286, 264, 6
MM, 286, 264, 7
MM, 285, 265, 7
MM, 284, 265, 8
MM, 284, 266, 7
MM, 284, 267, 7
MM, 284, 268, 8
MM, 284, 268, 7
MM, 283, 269, 7
MM, 283, 269, 8
MM, 283, 270, 7
MM, 283, 271, 9
MM, 283, 271, 6
MM, 283, 272, 7
MM, 283, 273, 7
MM, 281, 273, 59
MM, 281, 273, 367
MM, 280, 273, 44
MM, 280, 273, 15
MM, 279, 273, 22
MM, 279, 273, 22
MM, 277, 273, 22
MM, 277, 273, 21
MM, 276, 273, 15
MM, 276, 273, 15
MM, 275, 273, 29
MM, 275, 273, 15
MM, 275, 273, 7
MM, 274, 273, 8
MM, 273, 273, 14
MM, 273, 273, 14
MM, 272, 272, 23
MM, 272, 272, 117
MP, 1, 6303
MR, 1, 154
MC, 1, 0
MP, 1, 0
MR, 1, 216
MC, 2, 0
MM, 267, 259, 2397
MM, 259, 244, 7
MM, 253, 229, 7
MM, 245, 211, 8
MM, 240, 200, 7
MM, 237, 192, 7
MM, 233, 182, 7
MM, 231, 174, 7
MM, 229, 166, 8
MM, 227, 159, 8
MM, 226, 153, 7
MM, 224, 147, 7
MM, 223, 144, 7
MM, 222, 140, 7
MM, 222, 138, 9
MM, 221, 135, 7
MM, 220, 132, 7
MM, 219, 131, 7
MM, 219, 130, 8
MM, 218, 129, 8
MM, 217, 128, 6
MM, 216, 128, 8
MM, 216, 127, 6
MM, 216, 126, 8
MM, 216, 125, 8
MM, 216, 124, 7
MM, 216, 122, 7
MM, 216, 121, 8
MM, 216, 119, 7
MM, 216, 118, 7
MM, 215, 116, 8
MM, 215, 115, 7
MM, 215, 114, 7
MM, 215, 114, 8
MM, 215, 113, 7
MM, 214, 113, 7
MM, 214, 113, 59
MM, 214, 113, 7
MM, 214, 114, 8
MM, 214, 114, 7
MM, 214, 115, 8
MM, 214, 116, 7
MM, 214, 118, 7
MM, 214, 121, 8
MM, 216, 124, 7
MM, 219, 130, 6
MM, 221, 134, 8
MM, 223, 140, 8
MM, 224, 143, 7
MM, 225, 148, 7
MM, 226, 150, 8
MM, 227, 151, 7
MM, 228, 153, 7
MM, 228, 154, 7
MM, 228, 155, 8
MM, 228, 155, 7
MM, 228, 156, 8
MM, 228, 156, 9
MM, 228, 157, 5
MM, 228, 157, 7
MM, 228, 158, 7
MM, 228, 159, 9
MM, 228, 159, 7
MM, 228, 160, 15
MM, 228, 161, 22
MM, 228, 161, 7
MM, 228, 162, 7
MM, 228, 163, 8
MM, 228, 163, 7
MM, 228, 164, 7
MM, 229, 164, 8
MM, 229, 165, 17
MM, 230, 166, 2
MM, 230, 167, 2
MM, 231, 167, 8
MM, 231, 168, 7
MM, 232, 168, 7
MM, 233, 170, 8
MM, 234, 171, 7
MM, 235, 174, 8
MM, 236, 177, 7
MM, 238, 182, 8
MM, 240, 188, 7
MM, 243, 194, 7
MM, 244, 198, 7
MM, 245, 205, 8
MM, 247, 212, 6
MM, 248, 217, 8
MM, 249, 223, 7
MM, 250, 230, 8
MM, 251, 234, 8
MM, 252, 239, 7
MM, 253, 242, 7
MM, 254, 245, 7
MM, 255, 248, 8
MM, 255, 250, 7
MM, 255, 253, 7
MM, 256, 256, 7
MM, 256, 258, 8
MM, 257, 260, 8
MM, 257, 261, 7
MM, 258, 262, 7
MM, 258, 264, 7
MM, 258, 265, 7
MM, 258, 266, 8
MM, 258, 267, 7
MM, 258, 267, 7
MM, 258, 268, 8
MM, 258, 269, 7
MM, 258, 269, 8
MM, 258, 270, 7
MM, 258, 270, 8
MM, 258, 270, 80
MM, 258, 268, 7
MM, 256, 263, 8
MM, 254, 257, 7
MM, 250, 248, 7
MM, 247, 240, 7
MM, 244, 233, 8
MM, 242, 225, 7
MM, 239, 219, 8
MM, 237, 212, 6
MM, 235, 202, 9
MM, 232, 192, 7
MM, 229, 182, 7
MM, 227, 172, 7
MM, 225, 164, 8
MM, 223, 154, 6
MM, 221, 146, 9
MM, 218, 139, 7
MM, 216, 135, 7
MM, 215, 131, 7
MM, 214, 129, 7
MM, 214, 128, 8
MM, 213, 126, 8
MM, 212, 124, 8
MM, 212, 123, 5
MM, 211, 123, 8
MM, 211, 122, 9
MM, 211, 122, 6
MM, 211, 121, 8
MM, 211, 120, 7
MM, 211, 125, 205
MM, 213, 135, 7
MM, 215, 145, 7
MM, 218, 155, 10
MM, 219, 163, 6
MM, 221, 170, 7
MM, 222, 177, 7
MM, 224, 185, 7
MM, 226, 194, 8
MM, 227, 200, 7
MM, 229, 206, 7
MM, 230, 213, 8
MM, 230, 217, 6
MM, 231, 221, 9
MM, 232, 224, 7
MM, 233, 228, 7
MM, 234, 231, 7
MM, 234, 235, 7
MM, 235, 238, 8
MM, 235, 243, 8
MM, 237, 246, 7
MM, 238, 248, 6
MM, 238, 251, 8
MM, 238, 253, 8
MM, 238, 255, 7
MM, 238, 258, 8
MM, 238, 259, 6
MM, 238, 260, 8
MM, 238, 261, 8
MM, 238, 262, 8
MM, 238, 262, 5
MM, 238, 264, 8
MM, 238, 264, 7
MM, 238, 265, 8
MM, 238, 265, 7
MM, 238, 266, 7
MM, 238, 267, 9
MM, 238, 267, 7
MM, 238, 268, 7
MM, 238, 268, 7
MM, 238, 263, 264
MM, 237, 253, 7
MM, 236, 245, 7
MM, 235, 238, 8
MM, 234, 234, 8
MM, 233, 230, 7
MM, 233, 227, 7
MM, 233, 224, 8
MM, 233, 220, 7
MM, 232, 217, 7
MM, 232, 213, 8
MM, 232, 210, 7
MM, 231, 205, 7
MM, 231, 202, 8
MM, 230, 198, 7
MM, 229, 195, 7
MM, 228, 193, 8
MM, 228, 190, 7
MM, 228, 188, 7
MM, 228, 186, 8
MM, 228, 183, 7
MM, 228, 182, 7
MM, 228, 181, 8
MM, 228, 180, 7
MM, 228, 178, 8
MM, 228, 177, 8
MM, 227, 176, 6
MM, 227, 174, 7
MM, 227, 174, 8
MM, 227, 173, 8
MM, 227, 173, 6
MM, 227, 172, 8
MM, 227, 171, 7
MM, 227, 170, 8
MM, 227, 170, 7
MM, 227, 169, 7
MM, 227, 169, 7
MM, 227, 168, 80
MM, 227, 168, 16
MM, 227, 167, 7
MM, 227, 166, 7
MM, 227, 165, 8
MM, 227, 165, 7
MM, 227, 163, 7
MM, 227, 161, 9
MM, 227, 158, 6
MM, 227, 155, 7
MM, 226, 152, 7
MM, 225, 149, 9
MM, 225, 146, 6
MM, 224, 142, 7
MM, 223, 140, 7
MM, 221, 137, 9
MM, 221, 134, 7
MM, 221, 133, 7
MM, 221, 132, 7
MM, 221, 130, 8
MM, 221, 130, 7
MM, 221, 129, 8
MM, 221, 128, 7
MM, 221, 127, 8
MM, 221, 127, 7
MM, 221, 126, 6
MM, 221, 126, 67
MM, 223, 133, 220
MM, 225, 143, 7
MM, 226, 150, 8
MM, 228, 157, 7
MM, 229, 162, 7
MM, 230, 169, 8
MM, 231, 177, 6
MM, 232, 183, 8
MM, 233, 190, 8
MM, 234, 195, 7
MM, 234, 198, 7
MM, 234, 202, 9
MM, 234, 205, 6
MM, 234, 208, 7
MM, 234, 212, 8
MM, 234, 214, 7
MM, 234, 218, 7
MM, 235, 221, 8
MM, 236, 225, 7
MM, 236, 228, 7
MM, 236, 230, 8
MM, 236, 232, 7
MM, 236, 235, 9
MM, 237, 237, 7
MM, 237, 238, 6
MM, 237, 240, 7
MM, 237, 242, 9
MM, 237, 242, 6
MM, 237, 243, 7
MM, 237, 243, 8
MM, 237, 244, 6
MM, 237, 245, 9
MM, 237, 245, 7
MM, 237, 246, 7
MM, 233, 242, 425
MM, 227, 234, 8
MM, 222, 227, 7
MM, 216, 221, 8
MM, 209, 213, 7
MM, 202, 205, 6
MM, 194, 198, 9
MM, 188, 192, 7
MM, 180, 185, 6
MM, 172, 178, 9
MM, 162, 169, 6
MM, 150, 160, 8
MM, 141, 153, 8
MM, 133, 147, 6
MM, 125, 142, 9
MM, 118, 136, 6
MM, 113, 134, 7
MM, 108, 131, 8
MM, 104, 127, 7
MM, 99, 125, 8
MM, 96, 124, 7
MM, 93, 122, 8
MM, 89, 119, 7
MM, 87, 118, 17
MM, 85, 117, 2
MM, 83, 116, 2
MM, 80, 115, 7
MM, 78, 113, 8
MM, 77, 111, 7
MM, 74, 110, 8
MM, 73, 109, 7
MM, 72, 108, 7
MM, 70, 108, 8
MM, 68, 107, 8
MM, 67, 106, 7
MM, 67, 105, 7
MM, 66, 104, 8
MM, 65, 104, 8
MM, 64, 102, 6
MM, 61, 101, 8
MM, 59, 98, 7
MM, 57, 95, 8
MM, 54, 93, 7
MM, 51, 89, 7
MM, 49, 88, 7
MM, 48, 86, 7
MM, 47, 86, 8
MM, 44, 85, 7
MM, 44, 84, 8
MM, 43, 84, 7
MM, 43, 84, 7
MM, 42, 84, 7
MM, 41, 83, 8
MM, 41, 83, 7
MM, 40, 83, 8
MM, 39, 82, 7
MM, 38, 81, 7
MM, 38, 80, 8
MM, 37, 79, 7
MM, 36, 77, 7
MM, 36, 75, 7
MM, 35, 75, 8
MM, 35, 73, 7
MM, 34, 73, 7
MM, 33, 72, 7
MM, 32, 70, 8
MM, 31, 69, 8
MM, 31, 69, 6
MM, 30, 68, 9
MM, 30, 68, 6
MM, 29, 67, 7
MM, 29, 67, 8
MM, 29, 66, 59
MM, 29, 65, 7
MP, 1, 425
MR, 1, 215
MC, 1, 0
MM, 34, 74, 2368
MM, 47, 91, 7
MM, 57, 105, 8
MM, 73, 127, 7
MM, 87, 151, 8
MM, 96, 167, 7
MM, 106, 181, 8
MM, 117, 196, 7
MM, 125, 207, 7
MM, 131, 217, 7
MM, 139, 225, 8
MM, 146, 234, 7
MM, 154, 242, 9
MM, 163, 249, 6
MM, 171, 256, 7
MM, 180, 261, 8
MM, 186, 266, 7
MM, 193, 270, 7
MM, 199, 274, 8
MM, 204, 279, 7
MM, 210, 282, 7
MM, 215, 287, 8
MM, 221, 290, 7
MM, 226, 293, 7
MM, 232, 297, 8
MM, 234, 299, 7
MM, 238, 301, 7
MM, 241, 303, 7
MM, 243, 306, 8
MM, 246, 308, 8
MM, 249, 310, 7
MM, 251, 312, 7
MM, 256, 315, 8
MM, 258, 316, 7
MM, 261, 318, 8
MM, 266, 321, 7
MM, 268, 322, 7
MM, 271, 322, 6
MM, 273, 323, 8
MM, 275, 324, 8
MM, 278, 325, 7
MM, 280, 325, 8
MM, 281, 326, 7
MM, 283, 327, 7
MM, 284, 328, 8
MM, 286, 329, 6
MM, 288, 329, 8
MM, 289, 330, 8
MM, 290, 331, 6
MM, 292, 332, 8
MM, 293, 332, 7
MM, 294, 333, 7
MM, 295, 335, 8
MM, 295, 335, 7
MM, 296, 336, 8
MM, 297, 336, 7
MM, 297, 337, 7
MM, 298, 338, 8
MM, 299, 338, 58
MM, 299, 337, 7
MM, 299, 337, 8
MM, 299, 336, 8
MM, 299, 336, 6
MM, 299, 334, 8
MM, 299, 332, 8
MM, 299, 331, 6
MM, 299, 329, 8
MM, 299, 326, 8
MM, 299, 323, 7
MM, 298, 320, 7
MM, 298, 318, 7
MM, 298, 316, 8
MM, 298, 313, 7
MM, 297, 310, 7
MM, 297, 309, 8
MM, 296, 308, 7
MM, 296, 305, 8
MM, 295, 304, 6
MM, 294, 302, 8
MM, 293, 301, 8
MM, 293, 298, 8
MM, 292, 297, 8
MM, 291, 296, 6
MM, 290, 294, 7
MM, 289, 293, 7
MM, 289, 292, 8
MM, 289, 290, 6
MM, 288, 289, 8
MM, 287, 287, 7
MM, 286, 286, 8
MM, 286, 284, 7
MM, 285, 283, 9
MM, 284, 282, 5
MM, 283, 281, 8
MM, 283, 280, 8
MM, 282, 280, 9
MM, 282, 278, 5
MM, 281, 278, 8
MM, 281, 277, 6
MM, 281, 277, 8
MM, 281, 276, 15
MM, 280, 276, 8
MM, 280, 275, 6
MM, 279, 274, 7
MM, 278, 274, 8
MM, 277, 272, 8
MM, 277, 272, 7
MM, 276, 272, 15
MM, 276, 271, 7
MM, 276, 271, 7
MP, 1, 1218
MR, 1, 176
MC, 1, 0
MP, 1, 0
MR, 1, 215
MC, 2, 0
MM, 272, 266, 426
MM, 265, 253, 5
MM, 257, 235, 8
MM, 248, 219, 7
MM, 239, 203, 6
MM, 233, 192, 9
MM, 228, 184, 7
MM, 224, 175, 7
MM, 221, 171, 7
MM, 217, 165, 7
MM, 214, 160, 8
MM, 212, 155, 8
MM, 210, 152, 7
MM, 208, 147, 7
MM, 206, 144, 8
MM, 205, 142, 8
MM, 204, 139, 6
MM, 202, 137, 8
MM, 202, 134, 6
MM, 200, 131, 8
MM, 199, 130, 7
MM, 199, 128, 8
MM, 198, 127, 7
MM, 197, 126, 7
MM, 197, 126, 8
MM, 196, 125, 7
MM, 196, 124, 8
MM, 196, 123, 7
MM, 196, 123, 7
MM, 196, 122, 8
MM, 196, 122, 7
MM, 196, 121, 7
MM, 196, 121, 8
MM, 196, 120, 7
MM, 196, 119, 6
MM, 196, 119, 9
MM, 196, 118, 7
MM, 195, 118, 73
MM, 196, 122, 214
MM, 197, 126, 6
MM, 199, 131, 8
MM, 202, 134, 7
MM, 204, 139, 7
MM, 205, 142, 8
MM, 206, 147, 7
MM, 208, 150, 7
MM, 208, 153, 7
MM, 210, 157, 8
MM, 214, 165, 15
MM, 216, 170, 6
MM, 216, 175, 8
MM, 217, 180, 8
MM, 219, 184, 7
MM, 220, 187, 9
MM, 221, 192, 16
MM, 222, 195, 1
MM, 222, 198, 4
MM, 223, 200, 7
MM, 224, 202, 7
MM, 225, 206, 7
MM, 225, 209, 7
MM, 227, 211, 8
MM, 227, 212, 7
MM, 227, 213, 8
MM, 228, 215, 7
MM, 228, 216, 7
MM, 228, 218, 8
MM, 228, 219, 8
MM, 228, 221, 6
MM, 228, 221, 8
MM, 228, 222, 6
MM, 228, 222, 8
MM, 228, 223, 8
MM, 228, 224, 7
MM, 228, 225, 7
MM, 228, 225, 8
MM, 228, 226, 7
MM, 228, 227, 8
MM, 228, 227, 102
MM, 227, 227, 7
MM, 226, 226, 9
MM, 225, 225, 6
MM, 223, 223, 7
MM, 221, 220, 8
MM, 216, 217, 7
MM, 212, 212, 7
MM, 206, 207, 8
MM, 202, 202, 7
MM, 197, 196, 9
MM, 194, 192, 6
MM, 189, 186, 7
MM, 185, 181, 7
MM, 181, 174, 7
MM, 174, 165, 8
MM, 169, 158, 7
MM, 163, 151, 8
MM, 158, 143, 7
MM, 153, 138, 7
MM, 151, 132, 7
MM, 147, 129, 8
MM, 144, 124, 7
MM, 142, 122, 8
MM, 138, 119, 7
MM, 136, 116, 8
MM, 133, 113, 7
MM, 132, 111, 7
MM, 130, 109, 7
MM, 128, 108, 8
MM, 127, 106, 7
MM, 125, 105, 7
MM, 123, 104, 8
MM, 122, 103, 7
MM, 120, 102, 7
MM, 119, 101, 8
MM, 118, 101, 7
MM, 118, 100, 8
MM, 117, 99, 7
MM, 116, 99, 7
MM, 115, 99, 9
MM, 115, 99, 6
MM, 115, 99, 51
MM, 115, 100, 7
MM, 119, 105, 7
MM, 124, 111, 7
MM, 130, 121, 10
MM, 136, 130, 5
MM, 141, 139, 8
MM, 145, 146, 7
MM, 150, 152, 8
MM, 155, 160, 7
MM, 160, 165, 7
MM, 163, 169, 7
MM, 166, 173, 8
MM, 170, 178, 8
MM, 171, 180, 7
MM, 173, 181, 7
MM, 173, 184, 8
MM, 174, 184, 7
MM, 174, 185, 9
MM, 174, 185, 7
MM, 174, 186, 5
MM, 174, 186, 8
MM, 174, 186, 7
MM, 174, 186, 8
MM, 172, 186, 7
MM, 168, 186, 7
MM, 165, 184, 8
MM, 160, 181, 7
MM, 155, 179, 8
MM, 149, 176, 7
MM, 144, 172, 7
MM, 140, 168, 8
MM, 136, 165, 7
MM, 130, 160, 7
MM, 126, 157, 10
MM, 121, 151, 5
MM, 118, 147, 7
MM, 114, 142, 8
MM, 110, 140, 7
MM, 108, 138, 7
MM, 106, 137, 7
MM, 103, 134, 7
MM, 100, 133, 8
MM, 98, 131, 7
MM, 96, 130, 7
MM, 94, 129, 8
MM, 92, 127, 7
MM, 90, 125, 7
MM, 87, 124, 8
MM, 85, 122, 7
MM, 84, 121, 7
MM, 81, 118, 8
MM, 79, 117, 7
MM, 78, 115, 8
MM, 76, 114, 7
MM, 75, 112, 7
MM, 73, 110, 7
MM, 71, 109, 8
MM, 70, 107, 7
MM, 69, 107, 8
MM, 69, 105, 8
MM, 68, 104, 7
MM, 66, 103, 7
MM, 65, 102, 7
MM, 63, 100, 7
MM, 62, 99, 8
MM, 60, 96, 6
MM, 58, 96, 10
MM, 57, 94, 6
MM, 56, 94, 7
MM, 55, 93, 8
MM, 54, 93, 7
MM, 54, 92, 7
MM, 52, 91, 7
MM, 52, 90, 8
MM, 51, 90, 8
MM, 51, 89, 7
MM, 50, 88, 6
MM, 50, 88, 9
MM, 49, 87, 7
MM, 48, 86, 7
MM, 45, 84, 7
MM, 44, 82, 8
MM, 43, 80, 7
MM, 40, 77, 7
MM, 38, 75, 8
MM, 36, 74, 7
MM, 35, 73, 7
MM, 34, 73, 7
MM, 34, 72, 8
MM, 33, 71, 8
MM, 32, 71, 6
MM, 32, 71, 8
MM, 31, 70, 9
MM, 30, 70, 6
MM, 30, 70, 7
MM, 30, 70, 14
MM, 29, 69, 8
MM, 29, 68, 7
MM, 28, 68, 8
MM, 27, 67, 7
MM, 26, 67, 8
MM, 26, 66, 7
MM, 25, 66, 8
MM, 24, 64, 6
MM, 24, 64, 8
MM, 23, 64, 7
MM, 23, 64, 8
MP, 1, 359
MR, 1, 214
MC, 1, 0
MP, 1, 1062
MR, 1, 215
MC, 1, 0
MM, 33, 74, 630
MM, 57, 97, 8
MM, 84, 126, 6
MM, 113, 157, 7
MM, 152, 206, 7
MM, 189, 253, 8
MM, 229, 318, 7
MM, 258, 373, 7
MM, 293, 442, 8
MM, 315, 495, 7
MM, 338, 558, 8
MM, 359, 623, 6
MM, 375, 677, 9
MM, 387, 736, 7
MM, 396, 773, 7
MM, 397, 774, 9
MM, 406, 820, 5
MM, 409, 771, 316
MM, 413, 770, 7
MM, 419, 773, 7
MM, 425, 771, 8
MM, 431, 774, 7
MM, 440, 772, 9
MM, 448, 772, 8
MM, 454, 771, 6
MM, 462, 773, 7
MM, 469, 771, 7
MM, 475, 772, 7
MM, 482, 771, 8
MM, 490, 771, 7
MM, 496, 772, 8
MM, 502, 771, 7
MM, 507, 772, 8
MM, 511, 770, 7
MM, 515, 770, 7
MM, 521, 771, 7
MM, 524, 769, 7
MM, 529, 770, 8
MM, 533, 771, 8
MM, 539, 770, 6
MM, 542, 769, 8
MM, 547, 771, 8
MM, 549, 769, 6
MM, 551, 770, 8
MM, 555, 770, 7
MM, 557, 769, 7
MM, 559, 768, 8
MM, 560, 769, 7
MM, 562, 769, 8
MM, 564, 768, 7
MM, 565, 769, 7
MM, 565, 768, 8
MM, 566, 769, 6
MM, 567, 768, 8
MM, 567, 767, 8
MM, 568, 768, 7
MM, 568, 768, 7
MM, 569, 767, 8
MM, 570, 768, 7
MM, 571, 768, 7
MM, 571, 769, 8
MM, 572, 769, 6
MM, 573, 768, 8
MM, 574, 769, 8
MM, 574, 770, 7
MM, 577, 770, 8
MM, 578, 771, 7
MM, 580, 770, 8
MM, 582, 771, 6
MM, 584, 772, 7
MM, 587, 771, 8
MM, 590, 772, 8
MM, 594, 770, 7
MM, 601, 774, 7
MM, 607, 771, 7
MM, 612, 772, 8
MM, 618, 771, 7
MM, 623, 769, 8
MM, 629, 772, 7
MM, 632, 769, 7
MM, 636, 769, 7
MM, 638, 769, 8
MM, 639, 769, 7
MM, 640, 768, 8
MM, 641, 768, 7
MM, 641, 769, 7
MM, 641, 769, 9
MM, 641, 768, 6
MM, 642, 769, 7
MM, 642, 769, 7
MM, 642, 769, 8
MM, 642, 769, 7
MM, 642, 769, 7
MM, 642, 768, 8
MM, 642, 769, 8
MM, 642, 769, 7
MM, 642, 768, 7
MM, 642, 768, 7
MM, 642, 768, 7
MM, 642, 768, 8
MM, 642, 768, 7
MM, 642, 768, 7
MM, 643, 768, 8
MM, 643, 768, 7
MM, 644, 770, 8
MM, 646, 768, 6
MM, 647, 768, 8
MM, 649, 769, 8
MM, 651, 768, 7
MM, 651, 770, 7
MM, 652, 767, 8
MM, 653, 768, 7
MM, 653, 767, 8
MM, 654, 767, 8
MM, 654, 767, 13
MM, 654, 766, 7
MM, 654, 764, 7
MM, 653, 757, 8
MM, 648, 750, 7
MM, 644, 745, 8
MM, 639, 741, 7
MM, 631, 737, 7
MM, 622, 732, 7
MM, 611, 727, 8
MM, 599, 722, 7
MM, 588, 717, 7
MM, 579, 713, 9
MM, 573, 709, 6
MM, 566, 706, 8
MM, 560, 702, 7
MM, 556, 700, 10
MM, 554, 699, 5
MM, 551, 698, 7
MM, 550, 697, 7
MM, 548, 697, 8
MM, 547, 697, 7
MM, 546, 697, 7
MM, 546, 697, 8
MM, 545, 697, 9
MM, 544, 697, 6
MM, 543, 697, 7
MM, 543, 697, 8
MM, 543, 697, 28
MM, 543, 697, 22
MM, 543, 697, 7
MM, 543, 698, 9
MM, 543, 698, 7
MM, 543, 700, 8
MM, 543, 702, 7
MM, 543, 704, 6
MM, 543, 706, 7
MM, 543, 709, 8
MM, 543, 711, 8
MM, 542, 713, 7
MM, 541, 718, 7
MM, 541, 721, 9
MM, 539, 725, 6
MM, 536, 729, 7
MM, 534, 732, 8
MM, 532, 737, 7
MM, 528, 740, 8
MM, 525, 744, 7
MM, 523, 746, 7
MM, 518, 749, 7
MM, 515, 752, 8
MM, 509, 755, 7
MM, 506, 757, 7
MM, 501, 759, 8
MM, 498, 761, 7
MM, 494, 763, 7
MM, 490, 764, 9
MM, 488, 765, 6
MM, 485, 765, 7
MM, 483, 766, 7
MM, 482, 767, 8
MM, 481, 767, 7
MM, 479, 767, 8
MM, 478, 767, 7
MM, 478, 767, 7
MM, 477, 767, 8
MM, 476, 767, 7
MM, 476, 767, 7
MM, 475, 767, 9
MM, 475, 767, 6
MM, 474, 767, 8
MM, 474, 767, 9
MM, 473, 767, 5
MM, 472, 767, 8
MM, 471, 767, 7
MM, 471, 767, 7
MM, 470, 767, 8
MM, 470, 767, 7
MM, 469, 767, 7
MM, 468, 767, 7
MM, 468, 767, 15
MP, 1, 491
MR, 1, 216
MC, 1, 0
MM, 464, 764, 305
MM, 458, 758, 7
MM, 453, 753, 7
MM, 448, 747, 9
MM, 444, 742, 7
MM, 439, 736, 8
MM, 435, 731, 6
MM, 431, 724, 7
MM, 427, 716, 8
MM, 423, 710, 7
MM, 417, 703, 7
MM, 413, 696, 8
MM, 409, 691, 8
MM, 404, 685, 7
MM, 402, 681, 7
MM, 399, 679, 8
MM, 396, 676, 7
MM, 394, 675, 7
MM, 392, 674, 9
MM, 390, 673, 6
MM, 389, 672, 8
MM, 388, 672, 9
MM, 388, 670, 5
MM, 387, 670, 7
MM, 386, 669, 8
MM, 386, 669, 6
MM, 385, 668, 9
MM, 384, 667, 7
MM, 383, 667, 7
MM, 383, 667, 7
MM, 382, 667, 8
MM, 382, 667, 7
MM, 382, 667, 119
MM, 382, 667, 6
MM, 383, 667, 7
MM, 386, 667, 7
MM, 389, 666, 7
MM, 395, 666, 7
MM, 399, 666, 8
MM, 402, 666, 8
MM, 404, 667, 2384
MM, 406, 668, 8
MM, 409, 669, 7
MM, 412, 670, 7
MM, 415, 670, 8
MM, 418, 670, 7
MM, 421, 670, 8
MM, 424, 670, 7
MM, 426, 670, 7
MM, 429, 669, 8
MM, 431, 668, 9
MM, 434, 667, 5
MM, 435, 665, 8
MM, 437, 664, 7
MM, 438, 663, 7
MM, 441, 661, 7
MM, 442, 659, 7
MM, 444, 657, 8
MM, 445, 655, 7
MM, 446, 654, 8
MM, 449, 651, 7
MM, 450, 650, 8
MM, 451, 649, 7
MM, 452, 647, 7
MM, 453, 646, 8
MM, 454, 644, 7
MM, 455, 644, 7
MM, 456, 643, 7
MM, 456, 642, 7
MM, 457, 641, 8
MM, 457, 641, 7
MM, 458, 640, 8
MM, 459, 637, 7
MM, 459, 636, 8
MM, 459, 635, 7
MM, 460, 633, 7
MM, 461, 631, 8
MM, 461, 629, 7
MM, 462, 628, 7
MM, 462, 626, 7
MM, 462, 624, 9
MM, 462, 623, 6
MM, 463, 622, 7
MM, 463, 621, 8
MM, 463, 620, 7
MM, 464, 620, 7
MM, 465, 619, 8
MM, 465, 618, 7
MM, 466, 617, 7
MM, 466, 617, 8
MM, 468, 616, 7
MM, 470, 616, 7
MM, 472, 615, 7
MM, 476, 614, 8
MM, 479, 614, 8
MM, 484, 614, 7
MM, 487, 614, 7
MM, 491, 614, 7
MM, 494, 614, 7
MM, 497, 615, 8
MM, 501, 615, 7
MM, 503, 615, 8
MM, 507, 615, 7
MM, 511, 615, 8
MM, 513, 614, 7
MM, 516, 613, 7
MM, 518, 613, 8
MM, 520, 611, 8
MM, 523, 610, 6
MM, 525, 610, 8
MM, 526, 609, 6
MM, 527, 608, 8
MM, 530, 608, 7
MM, 531, 607, 8
MM, 532, 607, 9
MM, 532, 607, 5
MM, 533, 607, 8
MM, 533, 606, 7
MM, 534, 606, 7
MM, 534, 606, 8
MM, 535, 606, 7
MM, 537, 607, 697
MM, 538, 607, 7
MM, 540, 608, 8
MM, 542, 609, 7
MM, 543, 609, 8
MM, 544, 609, 6
MM, 546, 609, 8
MM, 546, 609, 8
MM, 547, 609, 7
MM, 547, 609, 8
MM, 549, 609, 7
MM, 549, 609, 7
MM, 550, 609, 7
MM, 550, 609, 7
MP, 1, 998
MR, 1, 215
MC, 1, 0
MM, 560, 611, 540
MM, 572, 613, 8
MM, 588, 614, 7
MM, 601, 614, 8
MM, 615, 614, 7
MM, 623, 614, 7
MM, 632, 614, 8
MM, 640, 613, 9
MM, 647, 612, 6
MM, 652, 612, 7
MM, 656, 611, 8
MM, 658, 610, 6
MM, 660, 608, 9
MM, 662, 608, 6
MM, 664, 607, 7
MM, 664, 606, 8
MM, 665, 606, 7
MM, 666, 605, 7
MM, 666, 604, 9
MM, 666, 604, 6
MM, 666, 603, 96
MM, 665, 602, 7
MM, 665, 602, 8
MM, 664, 601, 7
MM, 663, 601, 7
MM, 663, 601, 7
MM, 662, 600, 8
MM, 661, 600, 7
MM, 661, 600, 8
MM, 660, 600, 8
MM, 660, 600, 6
MM, 659, 600, 8
MM, 659, 600, 6
MM, 657, 600, 30
MM, 657, 600, 30
MM, 656, 600, 21
MP, 1, 250
MR, 1, 214
MC, 1, 0
MM, 650, 600, 321
MM, 639, 600, 7
MM, 628, 601, 9
MM, 618, 603, 7
MM, 610, 604, 7
MM, 600, 605, 7
MM, 592, 605, 8
MM, 586, 606, 7
MM, 580, 606, 7
MM, 574, 606, 8
MM, 571, 606, 7
MM, 569, 608, 7
MM, 567, 609, 7
MM, 565, 609, 8
MM, 564, 609, 8
MM, 563, 609, 9
MM, 563, 609, 5
MM, 562, 610, 7
MM, 562, 610, 8
MM, 561, 610, 7
MM, 560, 610, 7
MM, 559, 611, 7
MM, 559, 611, 23
MM, 558, 611, 36
MM, 558, 611, 7
MM, 558, 611, 15
MM, 558, 612, 8
MM, 557, 612, 6
MM, 557, 612, 60
MM, 556, 612, 7
MM, 555, 612, 8
MM, 554, 612, 8
MM, 554, 612, 5
MM, 553, 612, 8
MM, 552, 612, 10
MM, 552, 612, 5
MM, 551, 612, 7
MM, 548, 615, 558
MM, 544, 620, 9
MM, 540, 624, 6
MM, 536, 628, 7
MM, 531, 633, 7
MM, 526, 637, 8
MM, 521, 641, 7
MM, 518, 645, 7
MM, 515, 647, 7
MM, 512, 651, 9
MM, 510, 652, 6
MM, 509, 655, 8
MM, 506, 658, 6
MM, 503, 660, 8
MM, 501, 663, 8
MM, 496, 667, 7
MM, 493, 669, 7
MM, 489, 672, 8
MM, 484, 677, 6
MM, 479, 680, 8
MM, 475, 683, 7
MM, 471, 687, 8
MM, 468, 689, 7
MM, 465, 691, 8
MM, 463, 693, 7
MM, 460, 695, 7
MM, 458, 696, 8
MM, 456, 697, 7
MM, 455, 698, 7
MM, 453, 699, 8
MM, 450, 699, 7
MM, 448, 701, 7
MM, 446, 701, 8
MM, 444, 701, 6
MM, 442, 701, 8
MM, 439, 701, 7
MM, 437, 701, 8
MM, 434, 701, 7
MM, 431, 701, 10
MM, 428, 701, 5
MM, 426, 701, 7
MM, 422, 701, 7
MM, 420, 701, 7
MM, 417, 701, 9
MM, 413, 701, 6
MM, 410, 701, 8
MM, 405, 701, 7
MM, 401, 701, 8
MM, 396, 701, 7
MM, 391, 702, 7
MM, 387, 703, 8
MM, 384, 704, 7
MM, 379, 705, 7
MM, 376, 706, 9
MM, 372, 707, 6
MM, 369, 707, 7
MM, 364, 710, 7
MM, 361, 712, 8
MM, 359, 713, 7
MM, 355, 715, 7
MM, 352, 717, 8
MM, 350, 719, 7
MM, 347, 721, 7
MM, 344, 723, 8
MM, 343, 725, 8
MM, 339, 728, 7
MM, 338, 729, 7
MM, 337, 730, 7
MM, 335, 733, 7
MM, 333, 734, 7
MM, 332, 735, 8
MM, 332, 735, 7
MM, 331, 736, 8
MM, 331, 736, 7
MM, 330, 737, 7
MM, 329, 738, 7
MM, 329, 739, 11
MM, 328, 739, 5
MM, 327, 740, 7
MM, 327, 741, 7
MM, 327, 741, 8
MM, 326, 741, 7
MM, 326, 742, 7
MM, 325, 742, 8
MM, 325, 743, 8
MM, 324, 743, 6
MM, 324, 745, 7
MM, 323, 745, 8
MM, 322, 745, 8
MM, 322, 746, 6
MM, 321, 746, 8
MM, 320, 746, 7
MM, 319, 747, 7
MM, 318, 747, 8
MM, 318, 747, 7
MM, 317, 748, 7
MM, 317, 748, 8
MM, 316, 748, 8
MM, 315, 748, 7
MM, 314, 748, 7
MM, 314, 749, 7
MM, 313, 749, 7
MP, 1, 221
MR, 1, 215
MC, 1, 0
MM, 313, 747, 393
MM, 315, 741, 8
MM, 315, 738, 7
MM, 316, 735, 8
MM, 317, 731, 7
MM, 318, 728, 7
MM, 319, 725, 9
MM, 320, 722, 7
MM, 321, 721, 7
MM, 321, 720, 7
MM, 321, 718, 7
MM, 321, 716, 7
MM, 321, 715, 9
MM, 321, 714, 6
MM, 321, 713, 7
MM, 321, 712, 7
MM, 321, 711, 8
MM, 320, 710, 8
MM, 319, 709, 6
MM, 319, 709, 8
MM, 318, 708, 7
MM, 317, 708, 7
MM, 317, 707, 9
MM, 316, 706, 7
MM, 316, 705, 7
MM, 314, 704, 7
MM, 313, 703, 8
MM, 312, 702, 7
MM, 310, 702, 7
MM, 307, 700, 8
MM, 304, 698, 6
MM, 299, 697, 8
MM, 296, 695, 8
MM, 293, 694, 7
MM, 288, 693, 8
MM, 286, 693, 6
MM, 283, 692, 8
MM, 281, 691, 7
MM, 279, 690, 8
MM, 276, 690, 8
MM, 274, 690, 6
MM, 271, 689, 7
MM, 270, 689, 8
MM, 268, 689, 7
MM, 267, 688, 7
MM, 265, 688, 8
MM, 264, 688, 7
MM, 263, 688, 8
MM, 262, 688, 7
MM, 261, 688, 7
MM, 260, 688, 8
MM, 260, 688, 7
MM, 259, 688, 7
MM, 259, 688, 9
MM, 258, 688, 7
MM, 258, 688, 6
MM, 258, 687, 8
MP, 1, 409
MR, 1, 216
MC, 1, 0
MM, 254, 681, 314
MM, 249, 665, 6
MM, 241, 647, 8
MM, 233, 629, 7
MM, 226, 610, 8
MM, 218, 592, 7
MM, 212, 577, 8
MM, 206, 565, 7
MM, 203, 552, 8
MM, 201, 544, 8
MM, 199, 536, 6
MM, 196, 530, 8
MM, 195, 524, 7
MM, 195, 521, 7
MM, 195, 518, 8
MM, 195, 516, 7
MM, 195, 515, 7
MM, 196, 514, 7
MM, 198, 512, 7
MM, 204, 509, 7
MM, 212, 507, 9
MM, 220, 506, 7
MM, 228, 506, 7
MM, 236, 506, 8
MM, 243, 506, 7
MM, 249, 506, 7
MM, 254, 507, 8
MM, 258, 508, 7
MM, 260, 510, 7
MM, 262, 512, 8
MM, 264, 514, 7
MM, 265, 515, 7
MM, 267, 517, 8
MM, 268, 520, 7
MM, 271, 525, 7
MM, 273, 532, 7
MM, 275, 540, 8
MM, 276, 547, 7
MM, 277, 554, 8
MM, 278, 560, 7
MM, 280, 564, 7
MM, 280, 568, 8
MM, 280, 571, 7
MM, 280, 574, 7
MM, 280, 576, 8
MM, 280, 577, 7
MM, 280, 578, 7
MM, 280, 579, 8
MM, 280, 579, 7
MM, 280, 580, 7
MM, 280, 581, 7
MM, 280, 582, 7
MM, 280, 582, 8
MM, 280, 584, 7
MM, 280, 585, 8
MM, 279, 586, 7
MM, 279, 588, 8
MM, 278, 590, 7
MM, 277, 590, 8
MM, 277, 591, 7
MM, 276, 592, 7
MM, 276, 592, 7
MM, 274, 593, 7
MM, 271, 593, 8
MM, 269, 593, 7
MM, 264, 591, 7
MM, 259, 588, 8
MM, 252, 580, 7
MM, 240, 564, 7
MM, 224, 542, 7
MM, 207, 522, 8
MM, 191, 498, 7
MM, 177, 474, 8
MM, 165, 455, 7
MM, 155, 434, 7
MM, 144, 418, 7
MM, 133, 401, 8
MM, 123, 387, 7
MM, 116, 377, 8
MM, 109, 369, 7
MM, 105, 360, 8
MM, 100, 353, 8
MM, 96, 346, 6
MM, 90, 337, 8
MM, 86, 330, 7
MM, 80, 320, 8
MM, 74, 311, 6
MM, 68, 303, 9
MM, 63, 294, 6
MM, 58, 288, 8
MM, 54, 279, 6
MM, 51, 272, 8
MM, 47, 265, 8
MM, 44, 258, 7
MM, 42, 252, 7
MM, 40, 248, 7
MM, 37, 243, 7
MM, 37, 241, 8
MM, 36, 238, 8
MM, 35, 235, 7
MM, 34, 234, 8
MM, 34, 233, 7
MM, 34, 231, 6
MM, 34, 228, 8
MM, 34, 225, 8
MM, 33, 223, 7
MM, 33, 218, 8
MM, 32, 213, 7
MM, 32, 207, 7
MM, 31, 200, 7
MM, 29, 192, 7
MM, 28, 185, 8
MM, 27, 177, 8
MM, 25, 167, 7
MM, 23, 159, 8
MM, 21, 151, 6
MM, 18, 145, 8
MM, 16, 139, 7
MM, 14, 136, 7
MM, 13, 132, 7
MM, 12, 128, 8
MM, 10, 126, 7
MM, 9, 123, 8
MM, 9, 122, 7
MM, 8, 120, 7
MM, 7, 120, 8
MM, 7, 118, 7
MM, 7, 116, 7
MM, 7, 115, 7
MM, 7, 114, 8
MM, 6, 112, 7
MM, 5, 109, 8
MM, 5, 108, 7
MM, 4, 106, 8
MM, 4, 104, 7
MM, 3, 102, 7
MM, 2, 101, 7
MM, 1, 99, 8
MM, 0, 98, 7
MM, 0, 96, 7
MM, 0, 95, 8
MM, 0, 92, 7
MM, 0, 90, 8
MM, 0, 88, 6
MM, 0, 86, 8
MM, 0, 85, 8
MM, -1, 83, 6
MM, -1, 81, 8
MM, 0, 80, 8
MM, 0, 79, 6
MM, 0, 79, 8
MM, 0, 78, 7
MM, 0, 78, 15
MM, 0, 77, 15
MM, 0, 76, 7
MM, 0, 75, 8
MM, 0, 75, 7
MM, 0, 74, 7
MM, 1, 73, 8
MM, 1, 72, 7
MM, 1, 72, 8
MM, 1, 71, 6
MM, 1, 71, 24
MM, 2, 71, 6
MM, 2, 71, 6
MM, 3, 71, 8
MM, 4, 71, 8
MM, 5, 70, 7
MM, 7, 69, 8
MM, 7, 68, 7
MM, 8, 68, 7
MM, 9, 68, 7
MM, 9, 68, 8
MM, 10, 68, 7
MM, 11, 68, 9
MM, 11, 68, 79
MP, 1, 323
MR, 1, 214
MC, 1, 0
MP, 1, 894
MR, 1, 215
MC, 1, 0
MM, 16, 76, 783
MM, 22, 90, 7
MM, 26, 105, 8
MM, 31, 121, 6
MM, 38, 138, 8
MM, 41, 152, 8
MM, 44, 163, 6
MM, 47, 175, 9
MM, 49, 186, 6
MM, 51, 197, 8
MM, 53, 206, 7
MM, 57, 215, 7
MM, 57, 220, 8
MM, 60, 228, 7
MM, 62, 237, 9
MM, 64, 243, 5
MM, 67, 251, 8
MM, 69, 258, 8
MM, 71, 264, 6
MM, 73, 269, 8
MM, 73, 275, 8
MM, 74, 278, 7
MM, 76, 281, 7
MM, 77, 286, 8
MM, 78, 290, 7
MM, 79, 296, 7
MM, 79, 299, 8
MM, 80, 303, 7
MM, 81, 305, 7
MM, 81, 307, 9
MM, 81, 309, 6
MM, 81, 310, 7
MM, 81, 311, 8
MM, 81, 312, 7
MM, 82, 313, 7
MM, 82, 315, 7
MM, 83, 316, 8
MM, 84, 317, 7
MM, 85, 318, 8
MM, 85, 319, 6
MM, 86, 320, 8
MM, 87, 321, 9
MM, 87, 323, 6
MM, 88, 323, 7
MM, 88, 324, 8
MM, 89, 324, 7
MM, 90, 325, 7
MM, 90, 325, 7
MM, 91, 326, 8
MM, 91, 327, 7
MM, 91, 328, 7
MM, 92, 328, 8
MM, 92, 329, 7
MM, 93, 329, 7
MM, 93, 330, 7
MM, 94, 331, 9
MM, 94, 331, 9
MM, 95, 332, 5
MM, 97, 333, 7
MM, 98, 334, 9
MM, 101, 335, 6
MM, 108, 335, 7
MM, 118, 337, 8
MM, 127, 338, 7
MM, 136, 338, 8
MM, 147, 338, 7
MM, 159, 337, 7
MM, 171, 337, 7
MM, 180, 336, 8
MM, 189, 335, 7
MM, 197, 334, 8
MM, 205, 334, 9
MM, 212, 333, 5
MM, 216, 333, 8
MM, 222, 331, 7
MM, 224, 331, 7
MM, 226, 331, 7
MM, 229, 330, 8
MM, 230, 329, 7
MM, 231, 329, 7
MM, 231, 328, 7
MM, 232, 328, 7
MM, 233, 327, 10
MM, 233, 325, 6
MM, 235, 324, 7
MM, 235, 322, 7
MM, 235, 322, 8
MM, 235, 321, 6
MM, 234, 318, 8
MM, 233, 317, 7
MM, 232, 316, 7
MM, 231, 313, 8
MM, 228, 311, 8
MM, 225, 308, 9
MM, 222, 306, 5
MM, 218, 302, 8
MM, 214, 300, 7
MM, 207, 297, 7
MM, 201, 292, 7
MM, 191, 287, 7
MM, 184, 284, 8
MM, 178, 280, 8
MM, 170, 277, 7
MM, 160, 274, 7
MM, 150, 269, 8
MM, 140, 266, 6
MM, 135, 264, 8
MM, 128, 261, 7
MM, 121, 259, 8
MM, 116, 258, 7
MM, 112, 257, 7
MM, 108, 257, 8
MM, 103, 256, 7
MM, 99, 255, 7
MM, 95, 254, 8
MM, 91, 252, 7
MM, 87, 251, 8
MM, 84, 251, 7
MM, 82, 250, 7
MM, 79, 249, 7
MM, 77, 248, 8
MM, 76, 248, 7
MM, 75, 248, 8
MM, 73, 248, 9
MM, 72, 248, 6
MM, 71, 247, 7
MM, 71, 247, 7
MM, 70, 247, 8
MM, 70, 245, 6
MM, 69, 245, 8
MM, 68, 245, 8
MM, 68, 244, 7
MM, 67, 244, 7
MM, 66, 243, 7
MM, 66, 243, 8
MM, 65, 242, 7
MM, 64, 241, 7
MM, 64, 241, 7
MM, 63, 240, 8
MM, 63, 239, 8
MM, 63, 238, 7
MM, 63, 238, 7
MM, 63, 237, 8
MM, 63, 236, 7
MM, 62, 235, 7
MM, 62, 233, 8
MM, 62, 232, 7
MM, 62, 232, 7
MM, 62, 231, 8
MM, 62, 230, 7
MM, 62, 229, 7
MM, 62, 228, 8
MM, 62, 227, 6
MM, 62, 225, 8
MM, 62, 225, 7
MM, 62, 224, 7
MM, 62, 223, 8
MM, 62, 222, 7
MM, 62, 222, 7
MM, 62, 221, 8
MM, 62, 220, 7
MM, 62, 220, 8
MM, 62, 219, 7
MM, 62, 219, 125
MP, 1, 381
MR, 1, 117
MC, 1, 0
MP, 1, 0
MR, 1, 216
MC, 2, 0
MM, 75, 221, 576
MM, 93, 223, 10
MM, 120, 223, 6
MM, 164, 223, 7
MM, 197, 219, 9
MM, 245, 214, 5
MM, 281, 208, 8
MM, 318, 205, 7
MM, 352, 198, 8
MM, 372, 197, 9
MM, 395, 195, 6
MM, 409, 194, 7
MM, 421, 194, 7
MM, 429, 194, 8
MM, 436, 194, 7
MM, 440, 194, 7
MM, 443, 194, 8
MM, 444, 194, 7
MM, 445, 194, 7
MM, 445, 194, 7
MM, 463, 202, 323
MM, 499, 218, 7
MM, 538, 233, 9
MM, 595, 247, 6
MM, 632, 254, 7
MM, 689, 258, 8
MM, 725, 260, 7
MM, 771, 260, 8
MM, 804, 260, 7
MM, 831, 260, 9
MM, 861, 260, 5
MM, 877, 260, 8
MM, 894, 260, 8
MM, 909, 260, 7
MM, 920, 260, 7
MM, 931, 260, 7
MM, 941, 260, 8
MM, 951, 262, 8
MM, 963, 262, 7
MM, 973, 262, 7
MM, 982, 262, 7
MM, 991, 262, 8
MM, 998, 262, 6
MM, 1003, 262, 8
MM, 1006, 262, 9
MM, 1009, 262, 6
MM, 1012, 261, 7
MM, 1013, 261, 7
MM, 1015, 260, 7
MM, 1016, 260, 8
MM, 1016, 259, 8
MM, 1017, 258, 7
MM, 1017, 258, 15
MM, 1018, 258, 7
MM, 1019, 258, 9
MM, 1019, 258, 6
MM, 1020, 258, 7
MM, 1023, 258, 8
MM, 1025, 258, 8
MM, 1028, 258, 6
MM, 1032, 258, 7
MM, 1034, 258, 8
MM, 1036, 258, 7
MM, 1039, 258, 8
MM, 1041, 258, 7
MM, 1043, 258, 7
MM, 1045, 258, 7
MM, 1047, 258, 8
MM, 1048, 258, 7
MM, 1048, 258, 8
MM, 1049, 258, 7
MM, 1049, 258, 7
MM, 1049, 259, 7
MM, 1049, 259, 8
MM, 1049, 260, 14
MM, 1049, 260, 88
MM, 1049, 260, 7
MM, 1048, 260, 8
MM, 1048, 260, 7
MM, 1048, 261, 8
MM, 1048, 262, 7
MM, 1047, 263, 8
MM, 1047, 263, 7
MM, 1047, 264, 7
MM, 1046, 264, 9
MM, 1045, 265, 6
MM, 1044, 266, 7
MM, 1044, 266, 9
MM, 1043, 267, 6
MM, 1042, 268, 6
MM, 1042, 268, 8
MM, 1041, 269, 9
MM, 1040, 270, 6
MM, 1036, 270, 7
MM, 1033, 271, 7
MM, 1027, 272, 8
MM, 1022, 273, 8
MM, 1011, 274, 6
MM, 996, 274, 8
MM, 983, 276, 8
MM, 972, 278, 7
MM, 960, 279, 7
MM, 945, 281, 8
MM, 925, 284, 7
MM, 905, 289, 7
MM, 887, 293, 7
MM, 863, 299, 9
MM, 842, 308, 5
MM, 825, 314, 9
MM, 805, 323, 7
MM, 791, 328, 6
MM, 780, 332, 8
MM, 771, 335, 8
MM, 764, 337, 7
MM, 761, 338, 7
MM, 757, 340, 8
MM, 755, 341, 7
MM, 753, 341, 8
MM, 753, 342, 7
MM, 752, 342, 7
MM, 752, 342, 7
MM, 751, 342, 8
MM, 750, 342, 7
MM, 749, 342, 8
MM, 749, 342, 43
MM, 751, 342, 8
MM, 755, 341, 7
MM, 767, 336, 8
MM, 781, 333, 8
MM, 797, 327, 6
MM, 821, 321, 7
MM, 845, 314, 8
MM, 862, 309, 7
MM, 878, 306, 8
MM, 900, 298, 7
MM, 914, 295, 7
MM, 923, 292, 7
MM, 933, 290, 8
MM, 941, 286, 7
MM, 948, 284, 8
MM, 956, 282, 7
MM, 964, 280, 7
MM, 968, 279, 8
MM, 974, 278, 6
MM, 977, 277, 8
MM, 981, 276, 7
MM, 984, 275, 7
MM, 987, 274, 8
MM, 990, 274, 8
MM, 993, 273, 7
MM, 996, 271, 7
MM, 998, 269, 8
MM, 999, 268, 6
MM, 1000, 268, 8
MM, 1001, 267, 8
MM, 1001, 267, 6
MM, 1002, 267, 8
MM, 1003, 267, 22
MM, 1003, 267, 8
MM, 1004, 267, 7
MM, 1005, 267, 15
MM, 1005, 267, 14
MM, 1005, 267, 59
MM, 1005, 267, 7
MM, 1005, 267, 7
MM, 1005, 268, 7
MM, 1005, 268, 9
MM, 1006, 271, 20331
MM, 1006, 274, 7
MM, 1006, 278, 8
MM, 1007, 281, 7
MM, 1007, 284, 7
MM, 1008, 286, 8
MM, 1008, 288, 7
MM, 1008, 289, 7
MM, 1008, 291, 7
MM, 1008, 292, 8
MM, 1008, 294, 7
MM, 1009, 294, 7
MM, 1009, 295, 8
MM, 1009, 295, 8
MM, 1010, 296, 7
MM, 1010, 297, 7
MM, 1012, 298, 7
MM, 1012, 298, 7
MM, 1013, 299, 8
MM, 1013, 300, 7
MM, 1014, 300, 8
MM, 1015, 301, 7
MM, 1015, 301, 8
MM, 1016, 302, 6
MM, 1018, 303, 8
MM, 1018, 304, 8
MM, 1019, 304, 6
MM, 1020, 305, 8
MM, 1020, 305, 8
MM, 1021, 305, 7
MM, 1021, 305, 7
MM, 1022, 305, 15
MM, 1022, 305, 22
MM, 1024, 305, 37
MM, 1024, 305, 36
MM, 1024, 305, 8
MM, 1024, 304, 7
MM, 1025, 303, 6
MM, 1025, 302, 8
MM, 1025, 301, 8
MM, 1025, 299, 6
MM, 1025, 298, 9
MM, 1025, 296, 7
MM, 1025, 295, 7
MM, 1025, 293, 8
MM, 1025, 292, 8
MM, 1025, 290, 6
MM, 1025, 289, 7
MM, 1025, 287, 7
MM, 1024, 286, 8
MM, 1024, 285, 8
MM, 1023, 283, 6
MM, 1022, 283, 8
MM, 1022, 282, 7
MM, 1022, 282, 7
MM, 1022, 281, 7
MM, 1021, 280, 8
MM, 1021, 280, 8
MM, 1021, 280, 15
MM, 1021, 279, 14
MM, 1020, 279, 8
MM, 1020, 279, 14
MM, 1019, 279, 8
MM, 1019, 277, 7
MM, 1018, 277, 7
MM, 1017, 277, 8
MM, 1017, 277, 7
MM, 1017, 276, 7
MM, 1016, 276, 7
MM, 1015, 276, 7
MM, 1015, 276, 8
MM, 1014, 276, 8
MM, 1014, 275, 6
MM, 1013, 275, 8
MM, 1013, 275, 8
MM, 1013, 274, 16
MM, 1011, 274, 6
MM, 1004, 273, 704
MM, 996, 272, 7
MM, 989, 271, 8
MM, 982, 270, 6
MM, 978, 270, 7
MM, 973, 270, 8
MM, 969, 270, 8
MM, 963, 270, 7
MM, 959, 270, 8
MM, 954, 270, 7
MM, 949, 270, 7
MM, 945, 271, 8
MM, 942, 272, 7
MM, 939, 272, 7
MM, 936, 273, 7
MM, 934, 274, 7
MM, 933, 275, 8
MM, 931, 275, 8
MM, 929, 276, 7
MM, 929, 276, 7
MM, 928, 277, 9
MM, 928, 277, 6
MM, 927, 277, 7
MM, 927, 277, 7
MM, 926, 277, 8
MM, 925, 277, 7
MM, 924, 278, 8
MM, 924, 279, 7
MM, 924, 279, 15
MM, 924, 280, 7
MM, 924, 281, 15
MM, 924, 281, 6
MM, 926, 282, 8
MM, 929, 283, 7
MM, 936, 286, 8
MM, 943, 289, 7
MM, 951, 290, 8
MM, 959, 291, 7
MM, 968, 292, 7
MM, 974, 292, 7
MM, 981, 292, 7
MM, 988, 292, 8
MM, 992, 292, 7
MM, 997, 292, 8
MM, 1000, 292, 8
MM, 1003, 292, 7
MM, 1005, 292, 7
MM, 1007, 292, 7
MM, 1008, 292, 8
MM, 1010, 292, 7
MM, 1011, 292, 7
MM, 1011, 292, 7
MM, 1012, 292, 8
MM, 1012, 292, 7
MM, 1013, 292, 8
MM, 1013, 294, 4681
MM, 1011, 296, 7
MM, 1010, 299, 7
MM, 1009, 300, 7
MM, 1007, 302, 8
MM, 1005, 303, 7
MM, 1004, 305, 7
MM, 1002, 307, 7
MM, 1002, 308, 8
MM, 999, 310, 7
MM, 999, 311, 8
MM, 998, 312, 7
MM, 997, 314, 8
MM, 996, 315, 6
MM, 995, 316, 8
MM, 995, 316, 7
MM, 994, 317, 7
MM, 993, 317, 8
MM, 992, 318, 7
MM, 992, 319, 8
MM, 991, 320, 7
MM, 991, 320, 8
MM, 990, 321, 7
MM, 990, 322, 7
MM, 989, 322, 8
MM, 987, 323, 6
MM, 986, 323, 8
MM, 985, 324, 7
MM, 985, 325, 7
MM, 984, 326, 8
MM, 983, 326, 7
MM, 983, 327, 7
MM, 982, 327, 8
MM, 981, 328, 7
MM, 980, 329, 7
MM, 980, 329, 9
MM, 979, 329, 6
MM, 979, 329, 8
MM, 978, 329, 7
MM, 978, 329, 7
MM, 978, 329, 110
MM, 978, 329, 8
MM, 978, 327, 7
MM, 979, 324, 7
MM, 983, 319, 8
MM, 986, 313, 7
MM, 990, 309, 8
MM, 994, 303, 6
MM, 997, 299, 7
MM, 999, 294, 9
MM, 1003, 292, 7
MM, 1005, 289, 7
MM, 1008, 286, 8
MM, 1011, 284, 7
MM, 1013, 283, 7
MM, 1014, 282, 7
MM, 1015, 281, 7
MM, 1016, 280, 8
MM, 1017, 280, 9
MM, 1018, 279, 7
MM, 1018, 279, 5
MM, 1010, 283, 685
MM, 994, 292, 6
MM, 978, 301, 7
MM, 950, 313, 7
MM, 921, 326, 8
MM, 893, 340, 7
MM, 867, 351, 8
MM, 847, 358, 6
MM, 830, 365, 7
MM, 817, 368, 9
MM, 803, 371, 7
MM, 791, 377, 7
MM, 780, 380, 8
MM, 769, 384, 6
MM, 766, 384, 8
MM, 763, 386, 7
MM, 758, 391, 2891
MM, 748, 400, 8
MM, 738, 410, 6
MM, 726, 420, 8
MM, 715, 428, 7
MM, 702, 437, 7
MM, 685, 450, 8
MM, 672, 461, 9
MM, 662, 470, 6
MM, 651, 481, 7
MM, 641, 488, 8
MM, 631, 496, 7
MM, 621, 504, 7
MM, 611, 512, 8
MM, 602, 520, 7
MM, 592, 529, 8
MM, 587, 533, 7
MM, 584, 537, 7
MM, 581, 542, 308
MM, 577, 548, 7
MM, 572, 552, 8
MM, 568, 558, 7
MM, 563, 563, 7
MM, 560, 568, 10
MM, 557, 573, 5
MM, 553, 579, 8
MM, 550, 582, 8
MM, 548, 587, 6
MM, 545, 589, 8
MM, 544, 591, 6
MM, 543, 592, 8
MM, 542, 594, 8
MM, 542, 595, 7
MM, 541, 595, 7
MM, 541, 596, 7
MM, 540, 597, 7
MM, 539, 597, 8
MM, 538, 598, 7
MM, 538, 598, 9
MM, 538, 598, 50
MM, 541, 595, 8
MM, 545, 586, 7
MM, 553, 576, 7
MM, 564, 563, 7
MM, 574, 548, 8
MM, 588, 533, 7
MM, 597, 523, 7
MM, 602, 517, 9
MM, 607, 511, 6
MM, 613, 505, 7
MM, 617, 501, 8
MM, 622, 495, 7
MM, 626, 492, 7
MM, 630, 487, 8
MM, 633, 484, 7
MM, 635, 481, 7
MM, 638, 479, 8
MM, 639, 478, 7
MM, 640, 477, 8
MM, 640, 477, 6
MM, 641, 477, 8
MM, 641, 477, 36
MM, 640, 477, 8
MM, 636, 476, 7
MM, 632, 476, 8
MM, 622, 475, 7
MM, 612, 475, 7
MM, 600, 475, 8
MM, 590, 475, 7
MM, 578, 473, 8
MM, 563, 470, 7
MM, 550, 468, 7
MM, 539, 465, 7
MM, 528, 459, 8
MM, 514, 455, 7
MM, 499, 447, 7
MM, 486, 441, 8
MM, 475, 435, 8
MM, 465, 428, 6
MM, 455, 419, 7
MM, 444, 410, 8
MM, 434, 402, 7
MM, 424, 396, 7
MM, 417, 389, 8
MM, 411, 385, 7
MM, 406, 379, 8
MM, 401, 373, 7
MM, 397, 367, 8
MM, 393, 361, 7
MM, 391, 358, 7
MM, 389, 354, 8
MM, 387, 351, 7
MM, 385, 349, 7
MM, 384, 347, 8
MM, 384, 345, 7
MM, 383, 345, 7
MM, 382, 344, 8
MM, 382, 343, 6
MM, 381, 343, 8
MM, 380, 342, 7
MM, 379, 342, 8
MM, 378, 341, 7
MM, 377, 340, 8
MM, 375, 338, 7
MM, 374, 337, 7
MM, 373, 335, 8
MM, 370, 334, 8
MM, 369, 331, 6
MM, 367, 330, 7
MM, 366, 329, 8
MM, 365, 327, 7
MM, 364, 327, 8
MM, 363, 326, 7
MM, 363, 326, 7
MM, 362, 326, 7
MM, 362, 326, 8
MM, 361, 326, 7
MM, 360, 326, 8
MM, 360, 326, 7
MM, 359, 326, 7
MM, 359, 326, 8
MM, 358, 326, 7
MM, 358, 327, 7
MM, 358, 327, 8
MM, 357, 328, 6
MM, 356, 328, 8
MM, 356, 329, 8
MM, 356, 330, 6
MM, 355, 331, 8
MM, 355, 331, 90
MM, 372, 320, 540
MM, 402, 301, 10
MM, 447, 277, 6
MM, 494, 256, 7
MM, 551, 237, 8
MM, 608, 223, 7
MM, 669, 215, 7
MM, 724, 209, 7
MM, 790, 203, 7
MM, 842, 201, 8
MM, 901, 201, 7
MM, 948, 202, 7
MM, 995, 207, 8
MM, 1028, 211, 7
MM, 1060, 216, 8
MM, 1084, 220, 6
MM, 1100, 225, 9
MM, 1114, 229, 6
MM, 1123, 231, 8
MM, 1132, 234, 7
MM, 1136, 235, 7
MM, 1139, 236, 8
MM, 1140, 236, 8
MM, 1142, 236, 6
MM, 1142, 236, 8
MM, 1143, 236, 7
MM, 1143, 236, 8
MM, 1142, 242, 330
MM, 1139, 250, 7
MM, 1137, 257, 9
MM, 1133, 263, 6
MM, 1131, 269, 7
MM, 1129, 272, 7
MM, 1127, 277, 8
MM, 1126, 279, 7
MM, 1125, 281, 7
MM, 1125, 283, 8
MM, 1124, 283, 7
MM, 1123, 284, 8
MM, 1123, 284, 7
MM, 1122, 285, 8
MM, 1122, 286, 6
MM, 1120, 286, 3478
MM, 1118, 287, 7
MM, 1116, 288, 8
MM, 1112, 289, 7
MM, 1108, 289, 8
MM, 1101, 289, 8
MM, 1092, 289, 6
MM, 1082, 289, 8
MM, 1073, 288, 7
MM, 1067, 287, 7
MM, 1061, 286, 8
MM, 1057, 286, 7
MM, 1052, 285, 7
MM, 1047, 284, 8
MM, 1043, 283, 7
MM, 1040, 282, 7
MM, 1037, 281, 8
MM, 1035, 281, 7
MM, 1034, 280, 6
MM, 1032, 278, 9
MM, 1030, 276, 8
MM, 1030, 275, 6
MM, 1029, 273, 8
MM, 1028, 272, 7
MM, 1028, 269, 7
MM, 1028, 267, 8
MM, 1028, 265, 7
MM, 1028, 263, 7
MM, 1028, 261, 8
MM, 1029, 258, 7
MM, 1031, 255, 7
MM, 1032, 254, 7
MM, 1032, 253, 9
MM, 1033, 253, 6
MM, 1031, 255, 528
MM, 1027, 261, 8
MM, 1022, 266, 7
MM, 1018, 274, 7
MM, 1014, 277, 7
MM, 1012, 282, 8
MM, 1011, 284, 7
MM, 1009, 285, 8
MM, 1009, 288, 7
MM, 1008, 289, 7
MM, 1007, 290, 8
MM, 1006, 290, 7
MM, 1005, 291, 8
MM, 1005, 291, 7
MM, 1004, 292, 7
MM, 1004, 292, 7
MM, 998, 296, 653
MM, 978, 304, 7
MM, 953, 311, 8
MM, 926, 320, 9
MM, 894, 326, 5
MM, 870, 331, 7
MM, 844, 337, 8
MM, 815, 342, 7
MM, 796, 346, 8
MM, 774, 353, 7
MM, 754, 360, 7
MM, 734, 369, 8
MM, 717, 375, 8
MM, 701, 383, 6
MM, 687, 389, 8
MM, 676, 395, 7
MM, 665, 399, 8
MM, 655, 404, 7
MM, 651, 405, 8
MM, 648, 406, 7
MM, 647, 407, 7
MM, 633, 422, 242
MM, 603, 456, 8
MM, 572, 483, 6
MM, 545, 512, 8
MM, 517, 543, 8
MM, 495, 571, 7
MM, 475, 594, 9
MM, 455, 619, 5
MM, 443, 640, 8
MM, 433, 652, 7
MM, 426, 662, 8
MM, 420, 672, 7
MM, 413, 682, 7
MM, 410, 689, 8
MM, 406, 695, 7
MM, 404, 701, 7
MM, 403, 703, 8
MM, 402, 705, 7
MM, 402, 707, 7
MM, 401, 709, 7
MM, 399, 710, 8
MM, 399, 710, 7
MM, 399, 711, 8
MM, 399, 711, 6
MM, 399, 712, 8
MM, 399, 713, 7
MM, 399, 714, 7
MM, 399, 714, 16
MM, 399, 715, 8
MM, 399, 715, 6
MM, 399, 716, 8
MM, 400, 716, 7
MM, 400, 717, 7
MM, 401, 718, 8
MM, 401, 718, 6
MM, 401, 719, 8
MM, 402, 720, 8
MM, 403, 721, 7
MM, 403, 721, 7
MM, 403, 722, 9
MM, 403, 722, 5
MM, 403, 723, 8
MM, 404, 723, 8
MM, 404, 724, 7
MM, 406, 725, 8
MM, 406, 726, 6
MM, 407, 726, 7
MM, 407, 727, 8
MM, 408, 728, 7
MM, 409, 730, 8
MM, 409, 732, 7
MM, 410, 733, 7
MM, 411, 734, 8
MM, 412, 736, 7
MM, 413, 737, 8
MM, 413, 739, 7
MM, 414, 741, 7
MM, 414, 742, 9
MM, 414, 743, 6
MM, 414, 743, 7
MM, 414, 744, 7
MM, 414, 744, 8
MM, 414, 746, 9
MM, 414, 746, 5
MM, 414, 747, 8
MM, 414, 747, 9
MM, 414, 748, 6
MP, 1, 299
MR, 1, 215
MC, 1, 0
MM, 419, 737, 420
MM, 428, 714, 5
MM, 434, 687, 7
MM, 442, 660, 9
MM, 446, 641, 6
MM, 450, 629, 7
MM, 454, 617, 7
MM, 457, 605, 8
MM, 461, 594, 7
MM, 463, 585, 7
MM, 466, 579, 7
MM, 467, 576, 7
MM, 468, 574, 8
MM, 469, 572, 7
MM, 469, 571, 8
MM, 469, 571, 9
MM, 469, 571, 72
MM, 469, 571, 7
MM, 469, 571, 7
MM, 469, 572, 7
MM, 469, 573, 8
MM, 469, 574, 7
MM, 469, 574, 7
MM, 469, 575, 9
MM, 469, 577, 7
MM, 468, 580, 8
MM, 464, 583, 6
MM, 461, 586, 7
MM, 458, 591, 8
MM, 453, 595, 6
MM, 447, 601, 8
MM, 438, 606, 7
MM, 428, 613, 9
MM, 418, 620, 6
MM, 408, 624, 7
MM, 397, 628, 8
MM, 385, 633, 7
MM, 374, 635, 7
MM, 363, 637, 8
MM, 354, 639, 8
MM, 344, 640, 9
MM, 335, 642, 5
MM, 324, 642, 7
MM, 313, 643, 8
MM, 303, 643, 7
MM, 292, 643, 7
MM, 283, 643, 8
MM, 272, 643, 7
MM, 264, 643, 8
MM, 257, 643, 7
MM, 251, 643, 7
MM, 247, 643, 7
MM, 242, 643, 7
MM, 240, 642, 8
MM, 238, 642, 8
MM, 237, 642, 7
MM, 235, 642, 7
MM, 234, 642, 7
MM, 227, 622, 1988
MM, 212, 575, 8
MM, 196, 524, 7
MM, 182, 467, 7
MM, 168, 408, 9
MM, 156, 352, 6
MM, 148, 299, 9
MM, 140, 244, 6
MM, 132, 196, 7
MM, 127, 154, 8
MM, 123, 113, 7
MM, 116, 78, 8
MM, 111, 44, 6
MM, 106, 7, 9
MM, 99, -22, 7
MM, 94, -29, 10
MM, 88, -24, 4
MM, 80, -30, 7
MM, 76, -21, 9
MM, 74, -12, 6
MM, 70, -11, 11
MM, 67, -12, 4
MM, 66, -11, 7
MM, 65, -6, 9
MM, 64, -3, 6
MM, 64, -9, 8
MM, 64, -12, 7
MM, 64, -11, 10
MM, 64, -4, 4
MM, 64, -3, 8
MM, 64, -1, 8
MM, 66, -5, 7
MM, 68, -4, 7
MM, 68, -2, 11
MM, 69, -3, 6
MM, 71, -2, 7
MM, 71, -1, 6
MM, 72, -1, 6
MM, 73, -1, 8
MM, 75, -1, 7
MM, 78, -2, 7
MM, 80, -1, 8
MM, 82, 0, 6
MM, 86, -1, 9
MM, 90, 0, 7
MM, 97, -1, 9
MM, 104, -1, 5
MM, 110, 0, 8
MM, 115, 0, 7
MM, 119, 0, 7
MM, 123, 0, 7
MM, 126, 0, 7
MM, 130, 0, 8
MM, 133, 0, 8
MM, 136, 0, 6
MM, 140, -1, 7
MM, 143, -1, 8
MM, 145, -1, 8
MM, 147, -1, 7
MM, 148, 0, 7
MM, 149, 0, 8
MM, 149, 0, 7
MM, 150, 0, 7
MM, 162, 17, 396
MM, 185, 52, 8
MM, 212, 93, 7
MM, 247, 149, 7
MM, 275, 195, 8
MM, 307, 261, 7
MM, 329, 316, 8
MM, 350, 381, 7
MM, 361, 445, 10
MM, 371, 498, 4
MM, 379, 559, 8
MM, 382, 601, 7
MM, 386, 658, 8
MM, 386, 693, 7
MM, 386, 734, 6
MM, 386, 769, 8
MM, 384, 793, 8
MM, 383, 795, 6
MM, 381, 784, 8
MM, 380, 779, 8
MM, 379, 777, 7
MM, 378, 771, 7
MM, 378, 769, 8
MM, 378, 768, 7
MM, 378, 768, 7
MM, 378, 767, 8
MM, 378, 767, 190
MM, 378, 765, 8
MM, 378, 761, 8
MM, 379, 755, 7
MM, 381, 746, 7
MM, 382, 734, 7
MM, 385, 722, 8
MM, 388, 704, 7
MM, 391, 691, 7
MM, 392, 678, 8
MM, 394, 664, 7
MM, 396, 652, 7
MM, 399, 644, 8
MM, 401, 635, 7
MM, 403, 630, 8
MM, 405, 624, 6
MM, 407, 621, 8
MM, 408, 617, 8
MM, 409, 615, 7
MM, 410, 614, 7
MM, 411, 612, 7
MM, 412, 610, 8
MM, 413, 609, 7
MM, 413, 608, 7
MM, 415, 607, 8
MM, 417, 606, 6
MM, 418, 604, 8
MM, 420, 603, 7
MM, 421, 601, 8
MM, 423, 600, 7
MM, 425, 597, 7
MM, 426, 596, 8
MM, 428, 595, 9
MM, 429, 593, 6
MM, 430, 592, 6
MM, 431, 592, 8
MM, 432, 591, 8
MM, 433, 590, 7
MM, 434, 589, 7
MM, 434, 589, 8
MM, 435, 589, 8
MM, 435, 589, 6
MM, 436, 589, 8
MM, 437, 589, 7
MM, 438, 589, 7
MM, 438, 589, 44
MM, 438, 589, 7
MM, 439, 591, 8
MM, 439, 591, 7
MM, 440, 592, 8
MM, 440, 592, 7
MM, 441, 594, 7
MM, 442, 595, 8
MM, 443, 597, 6
MM, 444, 599, 8
MM, 445, 600, 7
MM, 445, 601, 7
MM, 446, 603, 8
MM, 447, 605, 9
MM, 447, 606, 6
MM, 448, 608, 7
MM, 449, 609, 10
MM, 450, 611, 5
MM, 452, 613, 7
MM, 453, 614, 7
MM, 455, 616, 8
MM, 459, 617, 7
MM, 461, 620, 7
MM, 463, 621, 8
MM, 465, 622, 7
MM, 468, 623, 7
MM, 470, 623, 8
MM, 473, 624, 8
MM, 475, 625, 7
MM, 477, 625, 7
MM, 481, 625, 7
MM, 485, 625, 7
MM, 492, 625, 8
MM, 500, 625, 7
MM, 507, 625, 8
MM, 514, 625, 8
MM, 520, 624, 6
MM, 525, 624, 8
MM, 531, 624, 7
MM, 535, 624, 8
MM, 541, 624, 7
MM, 544, 623, 8
MM, 547, 623, 6
MM, 549, 623, 8
MM, 550, 623, 7
MM, 551, 623, 7
MM, 552, 623, 7
MM, 553, 623, 8
MM, 553, 623, 7
MP, 1, 329
MR, 1, 216
MC, 1, 0
MM, 552, 623, 365
MM, 548, 625, 7
MM, 545, 627, 8
MM, 543, 628, 7
MM, 540, 632, 7
MM, 537, 634, 8
MM, 534, 639, 7
MM, 531, 642, 7
MM, 526, 647, 7
MM, 523, 653, 8
MM, 521, 659, 10
MM, 518, 664, 5
MM, 516, 669, 7
MM, 514, 675, 8
MM, 512, 681, 6
MM, 511, 685, 8
MM, 510, 690, 7
MM, 509, 693, 7
MM, 508, 696, 8
MM, 507, 698, 7
MM, 507, 700, 8
MM, 507, 702, 7
MM, 507, 704, 7
MM, 507, 705, 7
MM, 507, 706, 8
MM, 507, 707, 7
MM, 507, 707, 8
MM, 507, 708, 7
MM, 507, 709, 7
MM, 507, 710, 8
MM, 507, 710, 7
MM, 509, 712, 7
MM, 511, 713, 7
MM, 513, 715, 8
MM, 516, 717, 7
MM, 520, 719, 7
MM, 522, 720, 10
MM, 526, 720, 5
MM, 529, 721, 7
MM, 533, 721, 10
MM, 536, 721, 5
MM, 539, 721, 7
MM, 542, 721, 8
MM, 544, 721, 7
MM, 547, 722, 8
MM, 550, 722, 7
MM, 553, 723, 8
MM, 558, 724, 6
MM, 561, 725, 8
MM, 565, 726, 7
MM, 568, 727, 8
MM, 573, 728, 7
MM, 576, 728, 8
MM, 580, 728, 6
MM, 582, 728, 9
MM, 584, 728, 6
MM, 587, 728, 8
MM, 588, 728, 7
MM, 590, 729, 9
MM, 591, 729, 6
MM, 592, 729, 7
MM, 595, 730, 8
MM, 595, 730, 8
MM, 596, 730, 6
MM, 596, 732, 7
MM, 597, 732, 8
MM, 597, 732, 7
MM, 598, 733, 7
MM, 599, 733, 7
MM, 599, 734, 8
MM, 600, 735, 8
MM, 601, 735, 7
MM, 602, 736, 7
MM, 602, 736, 7
MM, 603, 738, 8
MM, 604, 739, 7
MM, 605, 740, 7
MM, 607, 742, 7
MM, 608, 743, 8
MM, 610, 744, 7
MM, 611, 746, 8
MM, 613, 747, 7
MM, 615, 748, 8
MM, 617, 749, 6
MM, 619, 749, 9
MM, 622, 750, 7
MM, 624, 752, 7
MM, 627, 752, 7
MM, 630, 753, 7
MM, 632, 754, 8
MM, 634, 755, 7
MM, 637, 755, 8
MM, 639, 756, 7
MM, 642, 757, 7
MM, 645, 758, 7
MM, 647, 758, 8
MM, 649, 759, 7
MM, 650, 759, 7
MM, 652, 759, 8
MM, 654, 759, 8
MM, 655, 759, 7
MM, 656, 759, 6
MM, 657, 759, 8
MM, 659, 759, 8
MM, 659, 759, 7
MM, 660, 759, 7
MM, 661, 759, 8
MM, 661, 759, 7
MM, 661, 758, 7
MP, 1, 263
MR, 1, 216
MC, 1, 0
MM, 666, 734, 679
MM, 675, 694, 9
MM, 684, 648, 7
MM, 691, 616, 7
MM, 706, 573, 8
MM, 717, 540, 7
MM, 729, 504, 9
MM, 746, 465, 6
MM, 758, 437, 7
MM, 771, 406, 7
MM, 783, 380, 8
MM, 793, 359, 7
MM, 804, 343, 7
MM, 812, 332, 8
MM, 818, 322, 7
MM, 825, 316, 7
MM, 829, 309, 8
MM, 833, 306, 7
MM, 836, 302, 7
MM, 837, 300, 8
MM, 839, 299, 7
MM, 841, 297, 7
MM, 843, 296, 8
MM, 843, 295, 7
MM, 844, 295, 7
MM, 844, 295, 8
MM, 845, 295, 14
MM, 845, 295, 81
MM, 846, 295, 7
MM, 849, 294, 8
MM, 852, 294, 7
MM, 856, 292, 8
MM, 860, 290, 7
MM, 862, 288, 7
MM, 864, 286, 7
MM, 866, 285, 7
MM, 866, 284, 7
MM, 867, 284, 8
MM, 867, 283, 8
MM, 867, 283, 6
MM, 867, 281, 8
MM, 867, 281, 8
MM, 867, 280, 7
MM, 867, 280, 7
MM, 867, 279, 22
MP, 1, 337
MR, 1, 215
