********************************************************************************
LOGGING TIME: 20201011_002253
CLIENT IP: 192.168.43.207
USERNAME: Dell5567
OS: Windows 10
ARCHITECTURE: amd64
VERSION: 10.0
RESOLUTION: 1366.0 768.0
********************************************************************************
MM, 852, 294, 1602022801566
MM, 856, 304, 7
MM, 859, 314, 8
MM, 863, 323, 7
MM, 866, 331, 7
MM, 869, 336, 7
MM, 872, 342, 7
MM, 874, 346, 8
MM, 877, 352, 7
MM, 878, 355, 7
MM, 880, 359, 7
MM, 882, 362, 8
MM, 884, 363, 7
MM, 885, 365, 7
MM, 886, 367, 7
MM, 887, 368, 8
MM, 887, 369, 7
MM, 889, 371, 7
MM, 889, 371, 7
MM, 890, 372, 7
MM, 891, 373, 8
MM, 891, 374, 7
MM, 892, 374, 7
MM, 892, 375, 8
MM, 893, 376, 7
MM, 893, 376, 7
MM, 895, 377, 8
MM, 895, 377, 7
MM, 896, 378, 7
MM, 896, 378, 7
MM, 897, 380, 8
MM, 898, 380, 7
MM, 898, 381, 7
MM, 899, 381, 7
MM, 899, 382, 7
MM, 900, 382, 15
MM, 901, 382, 29
MM, 902, 382, 44
MM, 902, 382, 28
MM, 903, 382, 8
MM, 903, 382, 7
MM, 904, 382, 7
MM, 904, 382, 8
MM, 905, 382, 7
MM, 906, 381, 7
MM, 907, 381, 7
MM, 907, 379, 8
MM, 907, 379, 7
MM, 907, 378, 7
MM, 908, 378, 7
MM, 909, 377, 14
MM, 909, 377, 8
MM, 910, 377, 14
MM, 910, 376, 8
MM, 910, 375, 65
MP, 1, 276
MR, 1, 215
MC, 1, 0
MM, 901, 381, 380
MM, 884, 393, 8
MM, 856, 414, 7
MM, 824, 436, 7
MM, 799, 454, 7
MM, 771, 475, 8
MM, 738, 501, 7
MM, 715, 524, 7
MM, 689, 546, 7
MM, 666, 568, 8
MM, 643, 596, 6
MM, 624, 616, 8
MM, 611, 631, 7
MM, 601, 643, 7
MM, 592, 653, 8
MM, 589, 657, 7
MM, 583, 664, 7
MM, 580, 669, 7
MM, 578, 670, 8
MM, 578, 672, 7
MM, 577, 672, 7
MM, 575, 674, 284
MM, 571, 678, 7
MM, 566, 683, 7
MM, 563, 686, 8
MM, 557, 691, 7
MM, 552, 695, 7
MM, 546, 699, 7
MM, 539, 705, 7
MM, 532, 709, 7
MM, 525, 714, 8
MM, 519, 718, 7
MM, 512, 721, 7
MM, 505, 725, 8
MM, 499, 728, 7
MM, 492, 731, 7
MM, 486, 734, 8
MM, 483, 735, 7
MM, 480, 736, 7
MM, 475, 736, 7
MM, 473, 736, 8
MM, 470, 736, 7
MM, 468, 736, 7
MM, 466, 736, 7
MM, 463, 736, 8
MM, 462, 736, 7
MM, 459, 736, 8
MM, 458, 736, 7
MM, 455, 736, 6
MM, 453, 736, 8
MM, 451, 736, 7
MM, 449, 736, 7
MM, 446, 735, 8
MM, 444, 734, 7
MM, 443, 734, 7
MM, 441, 734, 7
MM, 440, 734, 8
MM, 438, 734, 7
MM, 437, 734, 7
MM, 435, 734, 8
MM, 434, 734, 7
MM, 432, 734, 8
MM, 431, 734, 7
MM, 430, 734, 7
MM, 430, 734, 7
MM, 429, 734, 7
MM, 428, 734, 8
MM, 428, 734, 7
MM, 427, 734, 7
MM, 426, 734, 7
MM, 426, 734, 8
MM, 425, 734, 7
MM, 425, 734, 7
MM, 424, 734, 6
MM, 424, 734, 81
MM, 422, 735, 8
MM, 422, 735, 7
MM, 421, 736, 7
MM, 421, 736, 7
MM, 421, 737, 8
MM, 421, 738, 7
MM, 421, 738, 8
MM, 421, 739, 6
MP, 1, 269
MR, 1, 215
MC, 1, 0
MM, 413, 738, 4431
MM, 406, 735, 7
MM, 396, 730, 8
MM, 386, 723, 7
MM, 375, 714, 7
MM, 365, 705, 7
MM, 353, 694, 8
MM, 343, 680, 7
MM, 333, 669, 7
MM, 324, 657, 6
MM, 315, 648, 8
MM, 308, 638, 7
MM, 301, 629, 7
MM, 293, 621, 8
MM, 288, 612, 7
MM, 282, 605, 8
MM, 278, 597, 6
MM, 275, 590, 7
MM, 271, 584, 8
MM, 268, 577, 7
MM, 265, 571, 7
MM, 262, 565, 7
MM, 260, 560, 7
MM, 259, 555, 8
MM, 257, 549, 7
MM, 255, 544, 7
MM, 252, 540, 7
MM, 250, 537, 8
MM, 250, 534, 28
MM, 249, 532, 2
MM, 248, 531, 2
MM, 247, 528, 5
MM, 245, 527, 6
MM, 245, 526, 8
MM, 244, 526, 7
MM, 244, 525, 7
MM, 243, 524, 8
MM, 242, 523, 7
MM, 241, 521, 8
MM, 239, 519, 6
MM, 237, 518, 8
MM, 236, 515, 7
MM, 234, 510, 7
MM, 233, 507, 8
MM, 232, 501, 7
MM, 231, 497, 7
MM, 230, 493, 8
MM, 229, 488, 7
MM, 228, 481, 7
MM, 227, 473, 7
MM, 226, 465, 7
MM, 225, 457, 8
MM, 224, 447, 7
MM, 223, 438, 7
MM, 220, 430, 8
MM, 217, 421, 7
MM, 217, 416, 7
MM, 215, 410, 7
MM, 213, 407, 8
MM, 210, 403, 6
MM, 209, 401, 8
MM, 207, 400, 7
MM, 206, 397, 8
MM, 204, 397, 7
MM, 202, 396, 7
MM, 201, 394, 7
MM, 199, 394, 7
MM, 196, 393, 8
MM, 194, 392, 8
MM, 192, 390, 6
MM, 189, 389, 8
MM, 187, 388, 7
MM, 184, 387, 7
MM, 180, 385, 8
MM, 175, 383, 7
MM, 169, 380, 7
MM, 164, 380, 8
MM, 160, 379, 7
MM, 157, 378, 7
MM, 155, 377, 8
MM, 152, 376, 7
MM, 150, 376, 7
MM, 149, 376, 7
MM, 148, 376, 8
MM, 146, 376, 7
MM, 146, 376, 7
MM, 145, 376, 7
MM, 145, 376, 8
MM, 144, 376, 7
MM, 144, 376, 7
MM, 143, 376, 6
MP, 1, 457
MR, 1, 217
MC, 1, 0
MM, 148, 372, 6201
MM, 159, 368, 7
MM, 176, 362, 7
MM, 189, 358, 8
MM, 201, 354, 7
MM, 213, 352, 7
MM, 226, 350, 8
MM, 238, 347, 6
MM, 251, 345, 8
MM, 261, 342, 7
MM, 272, 340, 7
MM, 282, 338, 8
MM, 295, 335, 7
MM, 304, 332, 7
MM, 312, 331, 8
MM, 319, 330, 7
MM, 325, 329, 7
MM, 331, 328, 7
MM, 335, 327, 7
MM, 338, 327, 8
MM, 341, 327, 7
MM, 343, 327, 7
MM, 346, 326, 8
MM, 348, 326, 7
MM, 350, 325, 7
MM, 351, 325, 7
MM, 352, 325, 8
MM, 353, 325, 7
MM, 353, 325, 7
MM, 354, 325, 8
MM, 358, 316, 253
MM, 365, 305, 8
MM, 370, 296, 6
MM, 377, 285, 8
MM, 384, 270, 7
MM, 393, 257, 8
MM, 399, 246, 7
MM, 405, 237, 7
MM, 409, 229, 8
MM, 414, 221, 7
MM, 417, 217, 7
MM, 421, 211, 8
MM, 423, 208, 7
MM, 424, 205, 7
MM, 425, 204, 7
MM, 426, 202, 7
MM, 426, 202, 7
MM, 427, 201, 8
MM, 428, 201, 7
MM, 428, 209, 755
MM, 429, 220, 8
MM, 431, 235, 7
MM, 434, 253, 7
MM, 437, 273, 8
MM, 442, 290, 7
MM, 446, 308, 7
MM, 450, 327, 7
MM, 456, 344, 7
MM, 460, 355, 8
MM, 464, 366, 7
MM, 468, 376, 6
MM, 472, 386, 8
MM, 475, 391, 7
MM, 475, 396, 8
MM, 477, 398, 7
MM, 477, 399, 7
MM, 477, 401, 7
MM, 476, 406, 1329
MM, 473, 413, 7
MM, 470, 420, 7
MM, 467, 426, 7
MM, 465, 433, 8
MM, 462, 441, 7
MM, 460, 448, 7
MM, 457, 457, 7
MM, 455, 464, 8
MM, 453, 471, 7
MM, 451, 477, 7
MM, 449, 482, 7
MM, 447, 486, 8
MM, 446, 490, 7
MM, 446, 493, 7
MM, 445, 495, 7
MM, 444, 498, 8
MM, 443, 500, 7
MM, 443, 501, 7
MM, 443, 502, 8
MM, 443, 502, 7
MM, 443, 503, 7
MM, 443, 503, 7
MM, 442, 505, 8
MM, 442, 506, 7
MM, 440, 507, 7
MM, 439, 509, 7
MM, 439, 510, 7
MM, 438, 511, 8
MM, 438, 512, 7
MM, 438, 513, 7
MM, 437, 513, 8
MM, 436, 514, 7
MM, 436, 514, 7
MM, 436, 515, 7
MM, 436, 515, 8
MM, 436, 516, 7
MM, 436, 517, 7
MM, 436, 518, 7
MM, 436, 518, 8
MM, 435, 519, 7
MM, 435, 519, 36
MM, 433, 519, 66
MM, 433, 519, 14
MM, 433, 517, 7
MM, 433, 513, 8
MM, 434, 506, 7
MM, 435, 501, 7
MM, 436, 496, 8
MM, 437, 493, 7
MM, 438, 488, 7
MM, 439, 485, 7
MM, 440, 481, 7
MM, 440, 479, 8
MM, 441, 477, 7
MM, 441, 476, 7
MM, 441, 476, 7
MM, 441, 474, 8
MM, 441, 474, 7
MM, 440, 477, 1088
MM, 439, 488, 8
MM, 438, 501, 7
MM, 438, 515, 7
MM, 438, 527, 7
MM, 438, 543, 8
MM, 441, 564, 7
MM, 445, 580, 7
MM, 448, 593, 8
MM, 455, 611, 7
MM, 461, 635, 7
MM, 466, 654, 7
MM, 475, 677, 8
MM, 484, 697, 7
MM, 490, 712, 8
MM, 496, 727, 7
MM, 500, 735, 7
MM, 505, 746, 8
MM, 509, 755, 6
MM, 511, 762, 7
MM, 513, 766, 8
MM, 514, 770, 7
MM, 514, 768, 7
MM, 514, 768, 8
MM, 514, 768, 7
MM, 514, 767, 7
MM, 514, 769, 7
MM, 514, 767, 8
MM, 514, 768, 7
MM, 517, 767, 298
MM, 520, 768, 7
MM, 525, 768, 7
MM, 528, 768, 7
MM, 533, 767, 7
MM, 536, 768, 8
MM, 539, 767, 7
MM, 542, 767, 7
MM, 544, 767, 8
MM, 547, 767, 7
MM, 549, 767, 7
MM, 552, 767, 7
MM, 555, 767, 8
MM, 556, 767, 7
MM, 557, 767, 7
MM, 559, 767, 7
MM, 561, 766, 8
MM, 562, 765, 7
MM, 564, 765, 7
MM, 565, 764, 7
MM, 565, 764, 8
MM, 566, 764, 7
MM, 567, 764, 7
MM, 568, 764, 15
MM, 568, 764, 87
MM, 569, 763, 7
MM, 570, 762, 6
MM, 571, 762, 9
MM, 572, 761, 7
MM, 573, 760, 7
MM, 574, 757, 7
MM, 576, 757, 8
MM, 577, 755, 7
MM, 579, 754, 7
MM, 579, 753, 7
MM, 581, 753, 7
MM, 582, 752, 8
MM, 582, 751, 8
MM, 583, 750, 7
MM, 583, 750, 29
MM, 584, 745, 2017
MM, 586, 739, 8
MM, 589, 734, 6
MM, 591, 727, 7
MM, 595, 719, 8
MM, 597, 715, 8
MM, 599, 710, 7
MM, 600, 708, 6
MM, 603, 706, 8
MM, 604, 703, 7
MM, 604, 700, 8
MM, 605, 699, 6
MM, 606, 698, 8
MM, 606, 695, 8
MM, 607, 694, 6
MM, 608, 694, 8
MM, 608, 693, 7
MM, 608, 692, 8
MM, 608, 692, 14
MM, 608, 691, 22
MM, 610, 689, 7
MM, 610, 687, 7
MM, 612, 685, 8
MM, 613, 682, 7
MM, 615, 679, 7
MM, 617, 678, 8
MM, 618, 676, 7
MM, 620, 673, 7
MM, 622, 671, 8
MM, 623, 670, 7
MM, 625, 666, 7
MM, 625, 665, 7
MM, 626, 664, 8
MM, 627, 663, 7
MM, 627, 663, 7
MM, 627, 662, 8
MM, 627, 661, 7
MM, 627, 660, 7
MM, 627, 660, 15
MM, 627, 659, 36
MM, 628, 657, 7
MM, 630, 652, 7
MM, 632, 647, 8
MM, 634, 640, 7
MM, 635, 637, 7
MM, 636, 634, 7
MM, 636, 632, 7
MM, 636, 630, 8
MM, 636, 628, 7
MM, 637, 625, 7
MM, 637, 623, 7
MM, 637, 622, 8
MM, 637, 620, 7
MM, 637, 619, 7
MM, 637, 619, 7
MM, 637, 618, 8
MM, 637, 618, 7
MM, 637, 617, 14
MM, 638, 616, 247
MM, 639, 615, 7
MM, 639, 615, 7
MM, 640, 614, 8
MM, 640, 613, 7
MM, 640, 611, 472
MM, 641, 609, 8
MM, 642, 606, 7
MM, 643, 604, 7
MM, 644, 603, 7
MM, 645, 601, 8
MM, 645, 599, 7
MM, 646, 598, 7
MM, 646, 598, 7
MM, 646, 597, 8
MP, 1, 826
MR, 1, 215
MC, 1, 0
MM, 646, 585, 2769
MM, 643, 551, 7
MM, 641, 515, 8
MM, 639, 479, 7
MM, 637, 436, 7
MM, 637, 406, 8
MM, 637, 368, 7
MM, 638, 340, 7
MM, 639, 315, 7
MM, 641, 298, 8
MM, 641, 292, 7
MM, 641, 290, 7
MM, 632, 293, 2591
MM, 616, 298, 7
MM, 595, 302, 8
MM, 563, 302, 7
MM, 531, 298, 7
MM, 481, 288, 7
MM, 435, 275, 8
MM, 388, 259, 7
MM, 339, 239, 7
MM, 296, 218, 7
MM, 251, 193, 8
MM, 219, 173, 7
MM, 184, 153, 7
MM, 155, 136, 7
MM, 137, 121, 8
MM, 126, 112, 7
MM, 116, 103, 7
MM, 109, 97, 8
MM, 102, 90, 6
MM, 98, 88, 7
MM, 95, 85, 7
MM, 93, 83, 8
MM, 91, 81, 7
MM, 90, 80, 7
MM, 88, 79, 17
MM, 87, 80, 340
MM, 86, 81, 7
MM, 84, 83, 8
MM, 83, 83, 7
MM, 81, 84, 7
MM, 79, 85, 7
MM, 79, 86, 6
MM, 78, 86, 8
MM, 78, 87, 7
MM, 77, 88, 7
MM, 76, 88, 8
MM, 76, 89, 7
MM, 76, 89, 7
MM, 76, 90, 8
MM, 76, 91, 7
MM, 76, 92, 7
MM, 76, 92, 7
MM, 76, 93, 7
MM, 77, 94, 8
MM, 78, 96, 8
MM, 80, 96, 7
MM, 83, 98, 7
MM, 86, 99, 8
MM, 88, 99, 7
MM, 90, 99, 7
MM, 91, 99, 8
MM, 93, 99, 7
MM, 93, 99, 7
MM, 94, 99, 7
MM, 95, 99, 8
MM, 95, 99, 29
MM, 94, 99, 6
MM, 93, 99, 8
MM, 89, 96, 7
MM, 85, 94, 7
MM, 78, 90, 7
MM, 71, 84, 7
MM, 64, 80, 8
MM, 58, 75, 7
MM, 52, 72, 8
MM, 46, 69, 7
MM, 43, 67, 7
MM, 39, 65, 8
MM, 35, 63, 6
MM, 33, 61, 7
MM, 31, 60, 8
MM, 29, 60, 7
MM, 28, 59, 7
MM, 27, 58, 7
MM, 27, 58, 8
MM, 26, 58, 7
MM, 25, 58, 8
MM, 25, 58, 7
MM, 24, 58, 7
MM, 23, 58, 7
MM, 23, 58, 29
MM, 23, 57, 15
MM, 23, 57, 14
MP, 1, 130
MR, 1, 216
MC, 1, 0
MP, 1, 168
MR, 1, 216
MC, 2, 0
MM, 26, 69, 1229
MM, 35, 89, 8
MM, 47, 120, 7
MM, 63, 157, 7
MM, 81, 191, 7
MM, 100, 230, 8
MM, 119, 270, 7
MM, 140, 312, 8
MM, 160, 349, 6
MM, 175, 375, 8
MM, 195, 410, 7
MM, 207, 429, 8
MM, 210, 435, 7
MM, 219, 448, 7
MM, 222, 453, 7
MM, 225, 456, 7
MM, 231, 467, 7
MM, 235, 472, 8
MM, 237, 477, 7
MM, 238, 478, 7
MM, 243, 476, 364
MM, 252, 472, 7
MM, 261, 467, 8
MM, 272, 463, 7
MM, 283, 460, 7
MM, 293, 456, 7
MM, 301, 454, 8
MM, 311, 451, 7
MM, 321, 448, 7
MM, 330, 445, 8
MM, 338, 443, 7
MM, 346, 441, 7
MM, 350, 439, 7
MM, 354, 438, 8
MM, 358, 437, 7
MM, 360, 436, 7
MM, 363, 435, 7
MM, 364, 435, 7
MM, 366, 435, 8
MM, 368, 435, 7
MM, 369, 435, 6
MM, 370, 435, 7
MM, 370, 435, 8
MM, 376, 433, 335
MM, 384, 431, 7
MM, 392, 429, 7
MM, 401, 427, 8
MM, 408, 425, 7
MM, 416, 424, 7
MM, 424, 423, 7
MM, 428, 423, 8
MM, 433, 423, 7
MM, 436, 423, 7
MM, 440, 423, 7
MM, 443, 423, 7
MM, 445, 423, 8
MM, 447, 423, 7
MM, 449, 423, 7
MM, 450, 423, 8
MM, 451, 423, 7
MM, 453, 423, 7
MM, 453, 423, 7
MM, 454, 423, 7
MM, 455, 426, 494
MM, 457, 433, 8
MM, 461, 443, 7
MM, 465, 454, 7
MM, 468, 465, 7
MM, 472, 476, 8
MM, 478, 490, 7
MM, 484, 507, 7
MM, 493, 528, 8
MM, 499, 542, 7
MM, 506, 562, 7
MM, 511, 579, 7
MM, 518, 596, 6
MM, 521, 607, 7
MM, 524, 619, 8
MM, 529, 631, 7
MM, 531, 642, 7
MM, 533, 653, 7
MM, 535, 661, 8
MM, 537, 667, 7
MM, 539, 674, 7
MM, 540, 680, 8
MM, 541, 684, 7
MM, 542, 688, 8
MM, 542, 691, 7
MM, 542, 694, 7
MM, 542, 698, 7
MM, 542, 701, 8
MM, 542, 705, 7
MM, 542, 708, 8
MM, 542, 712, 7
MM, 542, 715, 7
MM, 542, 718, 7
MM, 542, 721, 8
MM, 541, 724, 7
MM, 541, 726, 7
MM, 539, 729, 7
MM, 539, 731, 7
MM, 538, 733, 8
MM, 538, 736, 7
MM, 537, 739, 7
MM, 537, 740, 8
MM, 536, 743, 7
MM, 536, 744, 7
MM, 535, 746, 7
MM, 535, 747, 7
MM, 535, 748, 8
MM, 534, 750, 7
MM, 533, 750, 7
MM, 533, 751, 7
MM, 533, 751, 8
MM, 533, 752, 7
MM, 533, 752, 7
MM, 533, 753, 8
MM, 533, 754, 7
MM, 533, 754, 7
MM, 532, 754, 8
MM, 531, 754, 7
MM, 530, 754, 7
MM, 529, 754, 7
MM, 527, 754, 8
MM, 524, 754, 7
MM, 522, 753, 7
MM, 520, 752, 7
MM, 518, 752, 8
MM, 516, 751, 7
MM, 515, 751, 7
MM, 514, 751, 8
MM, 514, 751, 7
MM, 513, 751, 7
MM, 513, 751, 7
MM, 512, 751, 7
MM, 511, 751, 7
MM, 510, 751, 8
MM, 510, 751, 6
MM, 509, 751, 23
MM, 509, 745, 871
MM, 510, 736, 7
MM, 511, 725, 7
MM, 512, 716, 8
MM, 513, 706, 7
MM, 514, 698, 7
MM, 515, 691, 8
MM, 517, 684, 7
MM, 519, 678, 7
MM, 520, 674, 7
MM, 521, 670, 7
MM, 522, 667, 8
MM, 522, 664, 7
MM, 523, 661, 7
MM, 524, 658, 8
MM, 525, 657, 7
MM, 525, 656, 7
MM, 525, 655, 8
MM, 525, 655, 7
MM, 525, 654, 7
MM, 525, 653, 36
MM, 526, 652, 7
MM, 527, 651, 7
MM, 528, 649, 8
MM, 528, 648, 7
MM, 529, 647, 7
MM, 530, 646, 7
MM, 531, 645, 8
MM, 532, 643, 7
MM, 535, 641, 7
MM, 536, 640, 7
MM, 538, 638, 8
MM, 539, 638, 7
MM, 541, 637, 7
MM, 542, 635, 7
MM, 543, 633, 7
MM, 545, 632, 8
MM, 546, 630, 7
MM, 548, 629, 7
MM, 550, 627, 7
MM, 551, 624, 8
MM, 551, 623, 7
MM, 552, 622, 7
MM, 553, 619, 7
MM, 553, 619, 8
MM, 554, 618, 7
MM, 555, 617, 7
MM, 556, 616, 7
MM, 556, 615, 8
MM, 557, 613, 7
MM, 557, 613, 6
MM, 557, 612, 9
MM, 557, 611, 6
MM, 557, 611, 8
MM, 557, 610, 7
MM, 558, 610, 73
MM, 558, 608, 7
MM, 560, 606, 7
MM, 562, 604, 8
MM, 563, 603, 7
MM, 563, 601, 7
MM, 564, 600, 7
MM, 565, 599, 8
MM, 565, 599, 7
MM, 566, 598, 8
MM, 566, 598, 7
MM, 566, 597, 7
MP, 1, 319
MR, 1, 215
MC, 1, 0
MM, 567, 586, 714
MM, 568, 564, 8
MM, 570, 544, 7
MM, 571, 520, 15
MM, 571, 510, 7
MM, 571, 502, 7
MM, 571, 494, 8
MM, 570, 490, 7
MM, 569, 484, 8
MM, 568, 481, 6
MM, 567, 477, 7
MM, 566, 474, 8
MM, 562, 467, 14
MM, 560, 465, 7
MM, 559, 462, 8
MM, 557, 458, 7
MM, 555, 456, 7
MM, 554, 453, 7
MM, 552, 450, 8
MM, 550, 448, 7
MM, 548, 444, 6
MM, 547, 441, 8
MM, 545, 436, 8
MM, 542, 433, 7
MM, 540, 429, 6
MM, 537, 425, 8
MM, 533, 421, 7
MM, 530, 415, 8
MM, 526, 410, 7
MM, 521, 404, 7
MM, 517, 397, 8
MM, 512, 393, 7
MM, 509, 388, 7
MM, 504, 384, 8
MM, 500, 381, 7
MM, 497, 377, 7
MM, 493, 375, 6
MM, 491, 373, 9
MM, 489, 371, 7
MM, 485, 369, 7
MM, 483, 368, 7
MM, 482, 368, 7
MM, 479, 367, 8
MM, 479, 366, 7
MM, 470, 363, 551
MM, 455, 357, 8
MM, 444, 352, 7
MM, 435, 347, 7
MM, 429, 343, 8
MM, 421, 339, 7
MM, 415, 336, 7
MM, 412, 333, 8
MM, 407, 330, 7
MM, 404, 327, 7
MM, 401, 324, 7
MM, 400, 322, 7
MM, 397, 321, 8
MM, 397, 321, 7
MM, 396, 320, 8
MM, 396, 333, 304
MM, 396, 352, 7
MM, 398, 378, 8
MM, 404, 417, 7
MM, 409, 449, 7
MM, 420, 497, 8
MM, 431, 533, 8
MM, 440, 568, 7
MM, 450, 603, 6
MM, 460, 628, 7
MM, 469, 651, 7
MM, 478, 674, 7
MM, 486, 694, 7
MM, 491, 705, 8
MM, 495, 711, 7
MM, 498, 718, 7
MM, 500, 725, 7
MM, 501, 728, 8
MM, 501, 730, 7
MM, 501, 732, 7
MM, 501, 734, 7
MM, 501, 734, 7
MM, 501, 735, 8
MM, 501, 735, 7
MM, 501, 736, 255
MM, 501, 737, 8
MM, 499, 737, 7
MM, 499, 738, 7
MM, 498, 738, 7
MM, 498, 739, 7
MM, 496, 740, 7
MM, 496, 740, 8
MM, 495, 741, 7
MM, 495, 742, 8
MM, 494, 743, 7
MM, 493, 743, 6
MM, 491, 744, 8
MM, 489, 745, 7
MM, 488, 745, 8
MM, 487, 746, 6
MM, 484, 748, 7
MM, 481, 749, 8
MM, 480, 750, 7
MM, 478, 750, 7
MM, 478, 751, 8
MM, 477, 752, 7
MM, 476, 752, 7
MM, 475, 752, 8
MM, 475, 753, 7
MM, 474, 753, 7
MM, 474, 753, 8
MM, 473, 755, 7
MM, 472, 755, 7
MM, 471, 755, 7
MM, 469, 755, 8
MM, 469, 755, 7
MM, 468, 755, 7
MM, 466, 755, 7
MM, 466, 755, 7
MM, 465, 755, 8
MM, 465, 756, 7
MM, 463, 756, 7
MM, 463, 751, 741
MM, 465, 741, 7
MM, 467, 733, 7
MM, 471, 724, 8
MM, 475, 718, 7
MM, 477, 712, 7
MM, 477, 710, 7
MM, 478, 708, 8
MM, 479, 706, 7
MM, 482, 704, 7
MM, 482, 702, 8
MM, 484, 701, 7
MM, 485, 699, 7
MM, 487, 697, 7
MM, 489, 696, 7
MM, 491, 694, 7
MM, 493, 692, 8
MM, 495, 690, 7
MM, 497, 689, 7
MM, 500, 687, 7
MM, 502, 686, 7
MM, 504, 684, 8
MM, 505, 683, 7
MM, 508, 682, 7
MM, 509, 681, 8
MM, 510, 681, 7
MM, 513, 680, 7
MM, 514, 679, 7
MM, 515, 679, 7
MM, 517, 677, 7
MM, 519, 677, 8
MM, 520, 676, 7
MM, 521, 675, 7
MM, 522, 675, 8
MM, 523, 674, 7
MM, 524, 673, 7
MM, 525, 673, 7
MM, 525, 673, 582
MM, 525, 672, 1
MM, 528, 669, 129
MM, 528, 663, 7
MM, 529, 660, 7
MM, 529, 657, 8
MM, 529, 655, 7
MM, 529, 654, 7
MM, 529, 652, 8
MM, 529, 652, 7
MM, 529, 650, 7
MM, 529, 650, 7
MM, 529, 649, 7
MM, 531, 647, 414
MM, 531, 645, 7
MM, 532, 644, 8
MM, 533, 642, 7
MM, 534, 640, 7
MM, 535, 639, 7
MM, 536, 637, 8
MM, 537, 637, 7
MM, 537, 636, 7
MM, 538, 635, 8
MM, 539, 634, 7
MM, 539, 634, 7
MM, 540, 633, 7
MM, 540, 632, 8
MM, 541, 631, 6
MM, 542, 631, 8
MM, 543, 630, 7
MM, 543, 629, 8
MM, 544, 628, 7
MM, 544, 628, 8
MM, 545, 627, 6
MM, 545, 627, 8
MM, 546, 626, 22
MM, 546, 626, 116
MM, 547, 625, 7
MM, 549, 624, 7
MM, 550, 623, 7
MM, 551, 622, 7
MM, 551, 622, 8
MM, 552, 622, 7
MP, 1, 312
MR, 1, 216
MC, 1, 0
