********************************************************************************
LOGGING TIME: 20201006_113341
CLIENT IP: 127.0.0.1
USERNAME: Dell5567
OS: Windows 10
ARCHITECTURE: amd64
VERSION: 10.0
RESOLUTION: 1366.0 768.0
********************************************************************************
MM, 198, 43, 1602022804423
MM, 216, 57, 7
MM, 230, 68, 8
MM, 249, 83, 7
MM, 275, 103, 7
MM, 299, 117, 7
MM, 318, 132, 8
MM, 348, 150, 7
MM, 371, 162, 7
MM, 392, 171, 7
MM, 408, 176, 8
MM, 428, 183, 7
MM, 446, 187, 7
MM, 457, 190, 7
MM, 467, 195, 8
MM, 474, 197, 7
MM, 483, 200, 7
MM, 490, 202, 8
MM, 494, 206, 7
MM, 500, 209, 7
MM, 504, 211, 8
MM, 507, 215, 7
MM, 510, 216, 7
MM, 511, 218, 7
MM, 512, 218, 8
MM, 512, 219, 7
MM, 513, 220, 7
MM, 514, 221, 7
MM, 515, 221, 7
MM, 515, 221, 44
MM, 516, 221, 7
MM, 516, 221, 7
MM, 517, 221, 8
MM, 518, 221, 7
MM, 518, 221, 7
MM, 519, 221, 7
MM, 521, 221, 8
MM, 522, 221, 7
MM, 524, 221, 7
MM, 529, 222, 8
MM, 535, 224, 7
MM, 545, 228, 7
MM, 555, 234, 7
MM, 566, 239, 8
MM, 582, 248, 7
MM, 604, 260, 7
MM, 618, 270, 8
MM, 629, 276, 7
MM, 640, 283, 7
MM, 651, 288, 8
MM, 662, 294, 7
MM, 672, 297, 7
MM, 679, 299, 8
MM, 687, 301, 7
MM, 694, 304, 7
MM, 700, 305, 7
MM, 705, 306, 8
MM, 711, 307, 7
MM, 715, 307, 7
MM, 719, 307, 8
MM, 722, 307, 6
MM, 724, 307, 8
MM, 727, 307, 7
MM, 729, 307, 7
MM, 730, 307, 7
MM, 731, 307, 8
MM, 731, 307, 8
MM, 732, 307, 7
MM, 733, 307, 7
MM, 733, 307, 7
MM, 734, 307, 7
MM, 735, 307, 8
MM, 735, 307, 6
MM, 736, 307, 8
MM, 736, 307, 7
MM, 737, 307, 8
MM, 737, 307, 7
MM, 739, 307, 7
MM, 741, 306, 7
MM, 742, 305, 8
MM, 744, 304, 7
MM, 746, 303, 7
MM, 746, 303, 8
MM, 747, 303, 7
MM, 747, 303, 7
MM, 748, 303, 7
MM, 749, 303, 8
MM, 749, 303, 36
MM, 750, 303, 15
MM, 750, 302, 7
MM, 751, 301, 7
MM, 752, 301, 8
MM, 753, 300, 7
MM, 753, 300, 7
MM, 754, 299, 8
MM, 754, 298, 7
MM, 755, 297, 7
MM, 756, 296, 7
MM, 756, 295, 8
MM, 757, 294, 7
MM, 758, 293, 7
MM, 759, 293, 8
MM, 759, 292, 7
MM, 759, 291, 7
MM, 759, 290, 7
MM, 759, 290, 29
MM, 759, 289, 15
MM, 759, 289, 7
MM, 759, 288, 8
MM, 759, 288, 7
MM, 759, 287, 8
MM, 759, 286, 14
MM, 759, 285, 7
MM, 759, 285, 7
MM, 759, 284, 8
MM, 759, 284, 6
MM, 759, 283, 15
MM, 759, 283, 37
MM, 759, 283, 7
MM, 758, 283, 14
MM, 758, 282, 8
MM, 758, 282, 7
MM, 758, 282, 14
MM, 757, 282, 81
MP, 1, 296
MR, 1, 216
MC, 1, 0
MM, 750, 283, 774
MM, 740, 287, 8
MM, 724, 291, 7
MM, 710, 296, 7
MM, 697, 303, 8
MM, 682, 309, 6
MM, 665, 320, 8
MM, 649, 333, 7
MM, 629, 348, 7
MM, 612, 363, 7
MM, 594, 377, 8
MM, 575, 397, 7
MM, 555, 423, 7
MM, 537, 441, 7
MM, 519, 463, 8
MM, 503, 488, 7
MM, 487, 510, 7
MM, 479, 521, 7
MM, 470, 534, 8
MM, 453, 561, 7
MM, 442, 578, 7
MM, 439, 582, 7
MM, 430, 594, 7
MM, 427, 599, 8
MM, 425, 601, 7
MM, 427, 609, 321
MM, 430, 619, 7
MM, 432, 629, 7
MM, 435, 637, 7
MM, 438, 645, 7
MM, 439, 651, 7
MM, 441, 658, 8
MM, 442, 662, 8
MM, 444, 667, 7
MM, 445, 670, 6
MM, 446, 674, 8
MM, 447, 677, 7
MM, 447, 681, 8
MM, 448, 684, 7
MM, 449, 687, 7
MM, 450, 691, 7
MM, 451, 694, 7
MM, 452, 700, 8
MM, 452, 703, 7
MM, 452, 706, 7
MM, 452, 708, 7
MM, 452, 710, 8
MM, 452, 713, 7
MM, 452, 715, 8
MM, 452, 718, 7
MM, 452, 721, 7
MM, 452, 723, 7
MM, 452, 725, 8
MM, 452, 728, 7
MM, 452, 729, 7
MM, 452, 730, 8
MM, 452, 732, 7
MM, 452, 734, 7
MM, 452, 734, 7
MM, 452, 735, 8
MM, 452, 735, 7
MM, 452, 736, 7
MM, 452, 737, 7
MM, 452, 737, 8
MM, 452, 738, 7
MM, 452, 738, 7
MM, 452, 740, 7
MM, 452, 740, 7
MM, 452, 741, 8
MM, 452, 741, 7
MM, 452, 742, 7
MM, 452, 742, 8
MM, 452, 743, 7
MM, 452, 743, 7
MM, 452, 744, 7
MM, 452, 745, 8
MM, 452, 746, 7
MM, 453, 746, 7
MM, 453, 748, 8
MM, 454, 748, 7
MM, 454, 749, 7
MM, 454, 749, 8
MM, 454, 750, 7
MM, 454, 751, 7
MM, 454, 752, 7
MM, 454, 752, 7
MM, 454, 753, 7
MM, 453, 745, 1505
MM, 449, 731, 7
MM, 445, 717, 8
MM, 440, 701, 7
MM, 434, 682, 7
MM, 429, 665, 7
MM, 424, 648, 7
MM, 418, 629, 7
MM, 415, 616, 8
MM, 412, 603, 7
MM, 407, 591, 7
MM, 404, 581, 7
MM, 401, 572, 8
MM, 396, 562, 7
MM, 393, 555, 7
MM, 390, 546, 8
MM, 386, 538, 8
MM, 383, 531, 7
MM, 381, 525, 7
MM, 379, 519, 7
MM, 375, 515, 8
MM, 373, 510, 7
MM, 372, 507, 7
MM, 370, 502, 8
MM, 368, 500, 7
MM, 366, 498, 7
MM, 365, 494, 8
MM, 363, 492, 6
MM, 362, 490, 7
MM, 360, 487, 9
MM, 358, 484, 6
MM, 356, 483, 8
MM, 355, 481, 7
MM, 353, 478, 7
MM, 353, 477, 8
MM, 351, 476, 6
MM, 351, 476, 8
MM, 350, 475, 7
MM, 349, 475, 7
MM, 349, 475, 8
MM, 348, 475, 7
MM, 348, 475, 7
MM, 348, 475, 29
MM, 348, 476, 7
MM, 349, 480, 7
MM, 352, 486, 8
MM, 357, 494, 7
MM, 362, 503, 8
MM, 367, 513, 7
MM, 373, 524, 7
MM, 380, 539, 7
MM, 384, 549, 7
MM, 390, 557, 8
MM, 394, 567, 8
MM, 397, 574, 6
MM, 401, 584, 7
MM, 405, 593, 9
MM, 408, 602, 6
MM, 411, 609, 8
MM, 413, 616, 7
MM, 414, 622, 7
MM, 415, 626, 7
MM, 417, 633, 7
MM, 418, 639, 7
MM, 419, 647, 8
MM, 422, 655, 7
MM, 423, 662, 8
MM, 424, 668, 7
MM, 425, 674, 7
MM, 425, 680, 185
MM, 427, 687, 1
MM, 428, 690, 2
MM, 429, 695, 1
MM, 429, 697, 1
MM, 430, 699, 2
MM, 431, 702, 1
MM, 431, 705, 2
MM, 431, 707, 1
MM, 432, 708, 2
MM, 433, 709, 1
MM, 434, 710, 1
MM, 434, 711, 4
MM, 434, 712, 7
MM, 438, 715, 7
MM, 440, 716, 7
MM, 444, 719, 8
MM, 449, 721, 7
MM, 452, 723, 7
MM, 454, 724, 7
MM, 457, 725, 7
MM, 459, 725, 8
MM, 460, 726, 7
MM, 461, 727, 8
MM, 462, 727, 7
MM, 464, 728, 7
MM, 465, 729, 7
MM, 466, 730, 8
MM, 467, 731, 7
MM, 468, 733, 8
MM, 470, 734, 6
MM, 471, 736, 7
MM, 472, 738, 8
MM, 473, 739, 7
MM, 474, 741, 7
MM, 475, 742, 8
MM, 475, 743, 7
MM, 476, 745, 7
MM, 477, 746, 8
MM, 478, 747, 7
MM, 478, 747, 7
MM, 479, 749, 7
MM, 480, 750, 7
MM, 480, 751, 8
MM, 481, 752, 7
MM, 482, 752, 7
MM, 482, 753, 8
MM, 482, 754, 7
MM, 482, 754, 7
MM, 482, 755, 7
MM, 482, 757, 7
MM, 482, 757, 8
MM, 482, 758, 6
MM, 484, 761, 8
MM, 484, 762, 7
MM, 485, 765, 8
MM, 485, 766, 7
MM, 485, 768, 7
MM, 485, 767, 7
MM, 485, 769, 8
MM, 485, 768, 7
MM, 485, 768, 8
MM, 485, 767, 7
MM, 485, 768, 7
MM, 485, 768, 8
MM, 485, 767, 7
MM, 485, 768, 7
MM, 485, 768, 7
MM, 485, 764, 218
MM, 484, 761, 8
MM, 483, 756, 7
MM, 481, 752, 7
MM, 479, 746, 7
MM, 477, 740, 8
MM, 475, 733, 7
MM, 472, 727, 7
MM, 470, 723, 8
MM, 468, 717, 7
MM, 467, 712, 7
MM, 464, 707, 8
MM, 462, 703, 6
MM, 461, 699, 8
MM, 460, 696, 8
MM, 460, 694, 6
MM, 459, 689, 7
MM, 458, 687, 8
MM, 457, 683, 7
MM, 455, 680, 7
MM, 453, 675, 7
MM, 452, 671, 8
MM, 450, 668, 7
MM, 449, 664, 7
MM, 446, 661, 7
MM, 444, 655, 8
MM, 442, 649, 7
MM, 440, 645, 7
MM, 438, 639, 7
MM, 437, 634, 8
MM, 435, 629, 7
MM, 433, 623, 7
MM, 430, 616, 8
MM, 425, 606, 7
MM, 421, 595, 7
MM, 414, 582, 8
MM, 406, 567, 7
MM, 394, 546, 7
MM, 382, 525, 7
MM, 371, 506, 7
MM, 364, 495, 8
MM, 357, 485, 7
MM, 352, 474, 7
MM, 345, 465, 7
MM, 341, 456, 8
MM, 336, 450, 7
MM, 333, 444, 6
MM, 330, 440, 9
MM, 326, 435, 6
MM, 324, 431, 7
MM, 322, 428, 7
MM, 321, 427, 8
MM, 326, 431, 662
MM, 332, 439, 7
MM, 337, 446, 7
MM, 344, 451, 8
MM, 349, 459, 7
MM, 354, 463, 7
MM, 357, 468, 8
MM, 360, 472, 7
MM, 363, 476, 7
MM, 366, 480, 7
MM, 367, 484, 7
MM, 370, 487, 7
MM, 370, 489, 8
MM, 371, 490, 7
MM, 372, 493, 8
MM, 373, 495, 6
MM, 373, 496, 7
MM, 373, 497, 8
MM, 373, 499, 7
MM, 373, 501, 7
MM, 373, 502, 8
MM, 373, 504, 7
MM, 373, 507, 7
MM, 374, 509, 8
MM, 375, 512, 7
MM, 377, 519, 8
MM, 379, 528, 7
MM, 381, 536, 8
MM, 383, 542, 6
MM, 384, 549, 7
MM, 385, 556, 8
MM, 386, 560, 7
MM, 388, 566, 7
MM, 390, 571, 8
MM, 392, 578, 7
MM, 393, 585, 7
MM, 393, 590, 7
MM, 394, 594, 8
MM, 395, 597, 7
MM, 397, 602, 7
MM, 398, 604, 7
MM, 398, 607, 7
MM, 399, 611, 8
MM, 400, 614, 7
MM, 402, 621, 7
MM, 404, 628, 7
MM, 407, 634, 8
MM, 408, 641, 7
MM, 409, 645, 7
MM, 410, 650, 8
MM, 410, 653, 7
MM, 411, 657, 7
MM, 412, 660, 7
MM, 413, 663, 8
MM, 414, 666, 7
MM, 415, 669, 7
MM, 416, 673, 8
MM, 417, 678, 7
MM, 418, 683, 7
MM, 420, 688, 7
MM, 421, 692, 7
MM, 421, 695, 8
MM, 422, 697, 8
MM, 424, 701, 6
MM, 424, 702, 7
MM, 425, 703, 8
MM, 426, 705, 7
MM, 427, 707, 8
MM, 427, 708, 6
MM, 428, 710, 8
MM, 429, 711, 7
MM, 429, 713, 7
MM, 431, 715, 7
MM, 432, 718, 8
MM, 432, 721, 7
MM, 433, 724, 7
MM, 434, 726, 8
MM, 435, 730, 7
MM, 437, 732, 8
MM, 438, 735, 7
MM, 439, 737, 7
MM, 440, 738, 7
MM, 441, 740, 8
MM, 441, 741, 6
MM, 442, 743, 8
MM, 443, 744, 7
MM, 443, 746, 7
MM, 444, 747, 8
MM, 446, 749, 7
MM, 447, 750, 8
MM, 448, 751, 7
MM, 448, 751, 7
MM, 449, 752, 8
MM, 449, 752, 7
MM, 450, 753, 7
MM, 450, 753, 7
MM, 452, 753, 8
MM, 452, 753, 21
MM, 457, 748, 938
MM, 465, 739, 7
MM, 472, 732, 7
MM, 478, 726, 8
MM, 485, 719, 7
MM, 488, 715, 7
MM, 493, 710, 7
MM, 496, 706, 7
MM, 499, 703, 8
MM, 502, 699, 7
MM, 504, 697, 8
MM, 505, 694, 7
MM, 507, 692, 7
MM, 508, 689, 8
MM, 511, 686, 7
MM, 512, 684, 7
MM, 515, 681, 7
MM, 516, 678, 7
MM, 520, 676, 8
MM, 522, 672, 7
MM, 524, 669, 8
MM, 525, 667, 6
MM, 528, 664, 8
MM, 529, 661, 7
MM, 531, 659, 8
MM, 532, 657, 7
MM, 533, 654, 7
MM, 534, 653, 7
MM, 535, 651, 7
MM, 536, 650, 8
MM, 537, 647, 7
MM, 537, 646, 6
MM, 538, 644, 8
MM, 539, 643, 7
MM, 539, 641, 8
MM, 540, 639, 7
MM, 542, 638, 7
MM, 542, 637, 8
MM, 543, 635, 7
MM, 544, 634, 7
MM, 544, 633, 8
MM, 545, 633, 7
MM, 545, 632, 7
MM, 545, 632, 8
MM, 545, 631, 6
MM, 546, 631, 22
MM, 546, 631, 22
MM, 548, 631, 14
MM, 548, 630, 15
MM, 548, 630, 14
MM, 548, 630, 8
MM, 549, 629, 21
MM, 549, 628, 8
MM, 549, 627, 22
MM, 549, 627, 7
MM, 549, 626, 14
MM, 549, 626, 15
MM, 549, 625, 22
MM, 550, 625, 36
MM, 550, 624, 15
MM, 550, 624, 14
MM, 550, 623, 8
MM, 550, 622, 7
MM, 550, 622, 22
MP, 1, 355
MR, 1, 216
MC, 1, 0
