********************************************************************************
LOGGING TIME: 20201003_022145
CLIENT IP: 192.168.43.207
USERNAME: Dell5567
OS: Windows 10
ARCHITECTURE: amd64
VERSION: 10.0
RESOLUTION: 1366.0 768.0
********************************************************************************
MM, 378, 130, 1602022801832
MM, 382, 137, 7
MM, 387, 143, 7
MM, 391, 150, 7
MM, 397, 157, 7
MM, 402, 166, 8
MM, 407, 172, 7
MM, 411, 179, 8
MM, 416, 187, 6
MM, 420, 193, 8
MM, 424, 199, 8
MM, 430, 205, 7
MM, 434, 212, 7
MM, 439, 220, 7
MM, 443, 226, 7
MM, 448, 232, 8
MM, 452, 239, 7
MM, 456, 244, 7
MM, 461, 251, 8
MM, 464, 257, 6
MM, 469, 264, 8
MM, 474, 272, 7
MM, 477, 278, 8
MM, 481, 285, 7
MM, 485, 292, 7
MM, 489, 298, 7
MM, 493, 305, 8
MM, 496, 312, 7
MM, 500, 318, 7
MM, 503, 326, 7
MM, 506, 333, 8
MM, 510, 339, 7
MM, 513, 345, 7
MM, 515, 348, 7
MM, 517, 352, 8
MM, 519, 355, 7
MM, 520, 357, 7
MM, 521, 360, 7
MM, 522, 362, 7
MM, 523, 364, 8
MM, 523, 366, 7
MM, 523, 367, 8
MM, 523, 368, 6
MM, 523, 368, 8
MM, 523, 369, 7
MM, 523, 369, 8
MM, 523, 370, 7
MM, 523, 371, 7
MM, 523, 372, 7
MM, 523, 372, 7
MM, 523, 373, 8
MM, 523, 373, 7
MM, 524, 374, 7
MM, 524, 375, 7
MM, 524, 375, 7
MM, 524, 376, 7
MM, 534, 377, 394
MM, 551, 380, 7
MM, 570, 380, 7
MM, 590, 380, 7
MM, 609, 376, 7
MM, 630, 371, 8
MM, 646, 366, 7
MM, 659, 361, 7
MM, 670, 356, 8
MM, 678, 351, 7
MM, 687, 347, 7
MM, 694, 341, 7
MM, 698, 338, 8
MM, 701, 334, 7
MM, 705, 330, 7
MM, 708, 327, 7
MM, 710, 322, 7
MM, 713, 320, 8
MM, 714, 318, 7
MM, 716, 315, 8
MM, 717, 313, 7
MM, 717, 312, 7
MM, 718, 311, 7
MM, 718, 311, 8
MM, 719, 310, 7
MM, 719, 310, 7
MM, 719, 308, 7
MM, 719, 308, 117
MM, 720, 307, 14
MM, 721, 307, 8
MM, 721, 306, 7
MM, 722, 305, 7
MM, 723, 303, 7
MM, 724, 301, 8
MM, 726, 299, 7
MM, 728, 297, 7
MM, 730, 293, 7
MM, 731, 291, 8
MM, 732, 290, 7
MM, 732, 288, 7
MM, 733, 286, 7
MM, 735, 285, 8
MM, 735, 284, 7
MM, 736, 284, 7
MM, 736, 283, 7
MM, 737, 282, 7
MM, 737, 282, 8
MM, 737, 281, 7
MM, 737, 281, 51
MM, 738, 280, 7
MM, 739, 279, 8
MM, 739, 279, 7
MM, 740, 278, 7
MM, 742, 278, 7
MM, 743, 277, 8
MM, 745, 276, 7
MM, 748, 273, 7
MM, 749, 272, 8
MM, 751, 270, 7
MM, 752, 270, 7
MM, 753, 269, 7
MM, 753, 268, 8
MM, 754, 268, 7
MM, 755, 266, 7
MM, 756, 266, 8
MM, 756, 265, 7
MM, 757, 265, 7
MP, 1, 355
MR, 1, 215
MC, 1, 0
MM, 752, 265, 817
MM, 743, 267, 7
MM, 732, 270, 7
MM, 719, 277, 7
MM, 700, 288, 8
MM, 683, 303, 7
MM, 664, 323, 7
MM, 641, 354, 7
MM, 613, 387, 8
MM, 588, 425, 7
MM, 564, 465, 7
MM, 543, 500, 8
MM, 525, 534, 7
MM, 510, 566, 7
MM, 496, 594, 7
MM, 492, 603, 8
MM, 484, 627, 7
MM, 478, 643, 7
MM, 475, 652, 7
MM, 472, 664, 8
MM, 470, 673, 6
MM, 469, 679, 8
MM, 468, 682, 7
MM, 467, 684, 7
MM, 467, 686, 1106
MM, 468, 687, 7
MM, 468, 688, 7
MM, 469, 689, 7
MM, 470, 690, 8
MM, 470, 691, 7
MM, 471, 691, 7
MM, 471, 691, 8
MM, 473, 691, 7
MM, 474, 687, 7
MM, 476, 680, 8
MM, 478, 668, 7
MM, 480, 654, 7
MM, 480, 637, 8
MM, 479, 623, 7
MM, 478, 608, 7
MM, 476, 596, 7
MM, 474, 585, 7
MM, 471, 576, 8
MM, 470, 567, 7
MM, 469, 562, 7
MM, 468, 559, 7
MM, 467, 557, 8
MM, 466, 554, 7
MM, 466, 552, 8
MM, 466, 551, 7
MM, 466, 550, 7
MM, 466, 550, 6
MM, 466, 549, 8
MM, 466, 549, 7
MM, 466, 547, 7
MM, 465, 549, 386
MM, 463, 551, 8
MM, 462, 552, 7
MM, 461, 555, 7
MM, 461, 556, 7
MM, 459, 557, 7
MM, 459, 557, 7
MM, 458, 558, 8
MM, 458, 558, 7
MM, 457, 558, 6
MM, 456, 556, 9
MM, 456, 549, 6
MM, 457, 530, 8
MM, 462, 496, 7
MM, 471, 451, 8
MM, 481, 398, 7
MM, 491, 345, 7
MM, 499, 292, 7
MM, 509, 238, 7
MM, 514, 194, 7
MM, 521, 154, 8
MM, 525, 121, 7
MM, 528, 92, 8
MM, 529, 72, 6
MM, 530, 55, 8
MM, 530, 43, 7
MM, 530, 35, 8
MM, 530, 30, 7
MM, 530, 24, 7
MM, 530, 22, 8
MM, 530, 21, 7
MM, 530, 19, 7
MM, 530, 18, 7
MM, 530, 18, 8
MM, 530, 17, 7
MM, 530, 17, 50
MM, 530, 17, 8
MM, 530, 18, 8
MM, 530, 20, 7
MM, 530, 22, 7
MM, 530, 24, 8
MM, 529, 27, 7
MM, 528, 30, 7
MM, 527, 33, 7
MM, 525, 36, 7
MM, 524, 38, 7
MM, 524, 40, 7
MM, 523, 43, 8
MM, 522, 45, 7
MM, 522, 48, 8
MM, 521, 52, 7
MM, 520, 57, 7
MM, 519, 65, 7
MM, 519, 74, 7
MM, 519, 84, 8
MM, 519, 95, 7
MM, 519, 107, 7
MM, 519, 120, 7
MM, 519, 133, 10
MM, 520, 148, 5
MM, 520, 162, 7
MM, 520, 176, 7
MM, 520, 189, 8
MM, 520, 201, 7
MM, 520, 214, 7
MM, 520, 225, 8
MM, 520, 233, 7
MM, 520, 242, 7
MM, 520, 250, 7
MM, 520, 258, 8
MM, 520, 265, 7
MM, 520, 270, 7
MM, 520, 274, 8
MM, 520, 280, 7
MM, 520, 284, 6
MM, 520, 286, 8
MM, 520, 287, 7
MM, 520, 289, 7
MM, 530, 289, 378
MM, 547, 287, 7
MM, 574, 281, 8
MM, 610, 266, 7
MM, 647, 250, 7
MM, 684, 229, 8
MM, 721, 207, 7
MM, 752, 184, 7
MM, 783, 158, 8
MM, 811, 134, 7
MM, 834, 112, 7
MM, 854, 89, 7
MM, 871, 69, 7
MM, 884, 54, 8
MM, 895, 42, 7
MM, 903, 32, 7
MM, 909, 23, 7
MM, 914, 16, 7
MM, 917, 11, 8
MM, 918, 7, 7
MM, 920, 4, 7
MM, 921, 3, 7
MM, 922, 2, 7
MM, 922, 2, 7
MM, 923, 1, 8
MM, 927, 3, 422
MM, 935, 8, 7
MM, 945, 13, 8
MM, 957, 18, 7
MM, 971, 22, 6
MM, 987, 25, 8
MM, 1001, 26, 8
MM, 1014, 26, 7
MM, 1028, 26, 7
MM, 1038, 26, 7
MM, 1048, 26, 7
MM, 1056, 25, 8
MM, 1063, 24, 7
MM, 1070, 23, 7
MM, 1077, 21, 7
MM, 1081, 20, 8
MM, 1087, 19, 7
MM, 1091, 18, 8
MM, 1096, 16, 7
MM, 1099, 15, 7
MM, 1101, 12, 7
MM, 1104, 11, 8
MM, 1107, 9, 7
MM, 1109, 8, 7
MM, 1112, 6, 7
MM, 1114, 5, 8
MM, 1115, 3, 7
MM, 1116, 2, 7
MM, 1119, 1, 7
MM, 1120, 0, 7
MM, 1121, -1, 8
MM, 1123, -1, 7
MM, 1124, -1, 7
MM, 1125, 0, 7
MM, 1126, -1, 8
MM, 1127, 0, 7
MM, 1128, -1, 8
MM, 1129, -1, 7
MM, 1131, 0, 7
MM, 1133, -2, 7
MM, 1134, -1, 7
MM, 1136, 0, 8
MM, 1137, -1, 7
MM, 1139, 0, 7
MM, 1140, 0, 7
MM, 1142, 0, 8
MM, 1143, 0, 7
MM, 1144, 0, 7
MM, 1145, 0, 7
MM, 1147, 0, 8
MM, 1148, 0, 7
MM, 1149, 0, 7
MM, 1152, 0, 8
MM, 1155, 0, 7
MM, 1158, 0, 7
MM, 1165, -1, 7
MM, 1171, 0, 8
MM, 1177, 0, 7
MM, 1183, 0, 7
MM, 1190, 0, 8
MM, 1194, 0, 7
MM, 1200, 0, 7
MM, 1204, 0, 8
MM, 1209, 0, 7
MM, 1212, 0, 7
MM, 1217, 1, 7
MM, 1219, 1, 8
MM, 1221, 1, 7
MM, 1224, 1, 7
MM, 1225, 1, 7
MM, 1226, 1, 8
MM, 1228, 1, 7
MM, 1228, 1, 7
MM, 1229, 1, 7
MM, 1230, 1, 7
MM, 1231, 1, 8
MM, 1231, 1, 7
MP, 1, 500
MR, 1, 216
MC, 1, 0
MP, 1, 889
MR, 1, 215
MC, 1, 0
MM, 1226, -2, 745
MM, 1207, -11, 7
MM, 1175, -16, 7
MM, 1133, -19, 8
MM, 1087, -17, 7
MM, 1036, -12, 7
MM, 988, -9, 7
MM, 938, -4, 7
MM, 894, -2, 8
MM, 853, 1, 7
MM, 809, 4, 7
MM, 772, 11, 8
MM, 740, 18, 7
MM, 685, 36, 17
MM, 663, 43, 5
MM, 644, 49, 6
MM, 631, 53, 8
MM, 620, 59, 7
MM, 614, 62, 7
MM, 606, 68, 8
MM, 600, 71, 7
MM, 595, 76, 7
MM, 591, 79, 7
MM, 587, 85, 7
MM, 585, 88, 8
MM, 583, 91, 7
MM, 568, 84, 291
MM, 549, 73, 7
MM, 528, 62, 8
MM, 508, 54, 7
MM, 490, 44, 7
MM, 472, 36, 8
MM, 460, 31, 7
MM, 449, 27, 7
MM, 438, 22, 8
MM, 428, 20, 6
MM, 420, 18, 8
MM, 412, 16, 7
MM, 406, 14, 7
MM, 399, 13, 8
MM, 393, 12, 7
MM, 389, 11, 7
MM, 385, 11, 7
MM, 383, 11, 8
MM, 381, 11, 7
MM, 378, 11, 6
MM, 376, 11, 8
MM, 375, 11, 7
MM, 374, 11, 8
MM, 373, 11, 6
MM, 373, 11, 8
MM, 372, 11, 7
MM, 371, 11, 7
MM, 370, 11, 8
MM, 370, 11, 7
MM, 369, 11, 7
MM, 369, 11, 7
MM, 368, 11, 8
MM, 368, 11, 8
MM, 367, 11, 7
MM, 366, 11, 7
MM, 365, 11, 7
MM, 364, 11, 8
MM, 363, 10, 7
MM, 361, 9, 7
MM, 359, 9, 7
MM, 358, 8, 8
MM, 356, 6, 6
MM, 355, 5, 8
MM, 353, 4, 7
MM, 351, 4, 8
MM, 351, 3, 6
MM, 350, 3, 7
MM, 350, 2, 8
MM, 349, 1, 8
MM, 348, 1, 7
MM, 348, 1, 7
MM, 347, 1, 8
MM, 346, 1, 7
MM, 345, 1, 7
MM, 345, 1, 7
MM, 344, 1, 14
MM, 344, 1, 52
MM, 343, 1, 35
MM, 343, 1, 16
MM, 343, 1, 14
MM, 343, 1, 7
MM, 343, 2, 8
MM, 343, 2, 7
MM, 343, 3, 7
MM, 343, 3, 7
MM, 343, 4, 8
MM, 343, 4, 7
MM, 343, 6, 7
MM, 343, 6, 7
MM, 343, 7, 7
MM, 343, 7, 8
MM, 343, 8, 7
MM, 343, 8, 8
MM, 343, 9, 7
MM, 343, 10, 7
MM, 343, 10, 7
MM, 343, 11, 7
MM, 343, 12, 7
MM, 343, 13, 8
MM, 343, 14, 7
MM, 343, 16, 8
MM, 343, 17, 7
MM, 343, 19, 7
MM, 343, 20, 7
MM, 343, 22, 7
MM, 344, 24, 8
MM, 344, 26, 7
MM, 345, 28, 7
MM, 345, 31, 8
MM, 345, 34, 7
MM, 345, 36, 7
MM, 345, 38, 7
MM, 345, 42, 8
MM, 345, 45, 7
MM, 345, 49, 7
MM, 345, 52, 8
MM, 345, 55, 7
MM, 345, 58, 7
MM, 345, 62, 7
MM, 345, 65, 8
MM, 345, 68, 7
MM, 345, 71, 7
MM, 345, 73, 7
MM, 345, 75, 8
MM, 344, 78, 6
MM, 344, 80, 8
MM, 344, 82, 8
MM, 343, 85, 7
MM, 343, 86, 7
MM, 343, 87, 7
MM, 343, 89, 8
MM, 343, 90, 7
MM, 342, 91, 7
MM, 341, 93, 7
MM, 340, 94, 7
MM, 339, 95, 7
MM, 338, 97, 8
MM, 338, 99, 7
MM, 337, 100, 8
MM, 336, 102, 7
MM, 336, 104, 7
MM, 335, 107, 7
MM, 334, 109, 8
MM, 333, 111, 7
MM, 332, 114, 6
MM, 331, 116, 8
MM, 330, 117, 7
MM, 330, 119, 8
MM, 329, 121, 7
MM, 328, 121, 7
MM, 328, 122, 8
MM, 327, 122, 7
MM, 327, 123, 7
MM, 326, 124, 7
MM, 326, 124, 8
MM, 325, 125, 7
MM, 324, 125, 7
MM, 324, 127, 8
MM, 323, 127, 7
MM, 323, 128, 7
MM, 322, 129, 7
MM, 321, 130, 8
MM, 321, 131, 7
MM, 319, 131, 7
MM, 318, 133, 7
MM, 317, 134, 8
MM, 316, 134, 7
MM, 316, 135, 7
MM, 315, 135, 7
MM, 315, 136, 8
MM, 313, 136, 7
MM, 313, 137, 7
MM, 312, 138, 8
MM, 311, 139, 7
MM, 311, 139, 7
MM, 310, 139, 7
MM, 310, 139, 8
MM, 309, 139, 7
MM, 309, 139, 7
MM, 308, 139, 7
MM, 307, 139, 8
MM, 306, 139, 7
MM, 306, 139, 7
MM, 305, 139, 7
MM, 305, 138, 7
MM, 305, 137, 8
MM, 305, 137, 7
MM, 305, 136, 8
MM, 305, 136, 414
MM, 304, 135, 7
MM, 304, 135, 7
MM, 304, 134, 7
MM, 304, 133, 240
MM, 303, 133, 7
MM, 303, 132, 15
MM, 303, 132, 7
MM, 303, 131, 14
MM, 303, 131, 15
MM, 303, 131, 15
MM, 303, 129, 6
MM, 303, 129, 16
MM, 303, 128, 29
MM, 302, 128, 7
MM, 302, 128, 14
MM, 302, 127, 29
MM, 301, 127, 8
MM, 301, 127, 21
MM, 301, 126, 29
MM, 301, 125, 37
MP, 1, 340
MR, 1, 217
MC, 1, 0
MM, 299, 125, 780
MM, 297, 125, 7
MM, 295, 125, 8
MM, 292, 125, 7
MM, 291, 125, 7
MM, 289, 125, 8
MM, 286, 125, 7
MM, 285, 125, 7
MM, 284, 125, 7
MM, 282, 125, 7
MM, 281, 125, 7
MM, 279, 125, 8
MM, 278, 125, 7
MM, 277, 125, 8
MM, 276, 125, 7
MM, 275, 125, 7
MM, 275, 125, 7
MM, 274, 125, 8
MM, 273, 125, 7
MM, 272, 125, 7
MM, 272, 125, 8
MM, 271, 125, 6
MM, 271, 125, 8
MM, 270, 125, 7
MM, 270, 125, 8
MM, 269, 125, 7
MM, 268, 125, 7
MM, 267, 125, 7
MM, 267, 125, 7
MM, 266, 125, 8
MM, 266, 125, 7
MM, 265, 125, 7
MM, 264, 125, 7
MM, 264, 125, 8
MM, 263, 125, 7
MM, 263, 125, 8
MM, 262, 125, 14
MP, 1, 276
MR, 1, 215
MC, 1, 0
MM, 259, 125, 599
MM, 257, 125, 7
MM, 254, 125, 7
MM, 252, 125, 7
MM, 250, 125, 8
MM, 247, 125, 7
MM, 246, 125, 7
MM, 244, 125, 7
MM, 243, 125, 8
MM, 242, 125, 7
MM, 240, 125, 8
MM, 238, 125, 7
MM, 237, 125, 7
MM, 237, 125, 7
MM, 236, 125, 7
MM, 235, 125, 7
MM, 234, 125, 8
MM, 234, 125, 7
MM, 233, 125, 7
MM, 233, 125, 8
MM, 232, 125, 7
MM, 231, 125, 7
MM, 231, 125, 8
MM, 230, 125, 6
MM, 230, 125, 8
MM, 228, 125, 7
MP, 1, 326
MR, 1, 216
MC, 1, 0
MM, 225, 125, 243
MM, 222, 124, 7
MM, 218, 123, 7
MM, 215, 123, 8
MM, 212, 122, 7
MM, 210, 122, 7
MM, 208, 122, 7
MM, 205, 122, 8
MM, 203, 122, 7
MM, 201, 122, 7
MM, 200, 122, 7
MM, 199, 122, 7
MM, 197, 122, 8
MM, 195, 122, 7
MM, 194, 122, 7
MM, 193, 122, 8
MM, 193, 122, 7
MM, 191, 122, 8
MM, 190, 122, 7
MM, 190, 122, 7
MM, 189, 122, 8
MM, 188, 122, 7
MM, 187, 122, 7
MM, 187, 122, 7
MM, 185, 122, 7
MM, 184, 122, 7
MM, 184, 122, 7
MM, 183, 122, 8
MM, 183, 122, 6
MM, 182, 122, 8
MM, 182, 121, 7
MM, 181, 121, 8
MM, 180, 121, 7
MM, 179, 121, 7
MM, 179, 121, 7
MM, 178, 120, 8
MM, 178, 120, 6
MM, 177, 119, 8
MM, 176, 119, 7
MM, 176, 119, 7
MP, 1, 261
MR, 1, 217
MC, 1, 0
MM, 173, 119, 519
MM, 170, 119, 7
MM, 166, 119, 7
MM, 163, 119, 7
MM, 160, 119, 8
MM, 158, 119, 7
MM, 156, 119, 7
MM, 153, 119, 8
MM, 151, 119, 7
MM, 149, 119, 7
MM, 146, 119, 7
MM, 144, 119, 7
MM, 143, 119, 8
MM, 142, 119, 7
MM, 141, 119, 7
MM, 138, 119, 8
MM, 137, 119, 7
MM, 136, 119, 7
MM, 135, 119, 7
MM, 135, 119, 8
MM, 134, 119, 7
MM, 134, 119, 7
MM, 132, 119, 7
MM, 132, 119, 8
MM, 131, 119, 7
MM, 131, 119, 7
MM, 130, 119, 8
MM, 129, 119, 7
MM, 129, 119, 6
MM, 128, 119, 8
MM, 128, 119, 7
MP, 1, 225
MR, 1, 215
MC, 1, 0
MM, 130, 122, 635
MM, 134, 128, 8
MM, 139, 133, 7
MM, 142, 139, 7
MM, 145, 143, 7
MM, 148, 148, 8
MM, 151, 151, 7
MM, 154, 155, 7
MM, 157, 157, 7
MM, 159, 159, 8
MM, 163, 163, 7
MM, 165, 165, 7
MM, 167, 167, 8
MM, 170, 168, 7
MM, 173, 171, 7
MM, 176, 172, 7
MM, 180, 173, 8
MM, 183, 174, 7
MM, 189, 175, 7
MM, 193, 175, 7
MM, 199, 175, 8
MM, 204, 175, 7
MM, 211, 175, 7
MM, 216, 175, 8
MM, 220, 175, 6
MM, 226, 175, 8
MM, 229, 175, 6
MM, 233, 175, 9
MM, 235, 175, 7
MM, 237, 175, 7
MM, 238, 175, 7
MM, 241, 175, 8
MM, 241, 175, 7
MM, 242, 175, 7
MM, 242, 175, 7
MM, 243, 175, 8
MM, 243, 175, 7
MM, 244, 175, 7
MM, 245, 175, 66
MM, 247, 174, 269
MM, 250, 172, 7
MM, 252, 170, 8
MM, 254, 169, 7
MM, 255, 169, 7
MM, 255, 168, 7
MM, 256, 167, 8
MM, 256, 167, 7
MM, 257, 166, 7
MM, 257, 166, 7
MM, 258, 166, 15
MM, 259, 166, 6
MM, 260, 166, 7
MM, 260, 166, 8
MM, 261, 166, 7
MM, 258, 164, 401
MM, 252, 162, 7
MM, 248, 160, 7
MM, 244, 159, 7
MM, 240, 159, 8
MM, 236, 159, 7
MM, 233, 159, 7
MM, 231, 159, 7
MM, 228, 159, 7
MM, 226, 159, 8
MM, 225, 160, 7
MM, 223, 161, 7
MM, 221, 161, 8
MM, 220, 162, 6
MM, 219, 162, 8
MM, 218, 164, 8
MM, 218, 165, 7
MM, 217, 166, 7
MM, 216, 168, 7
MM, 215, 169, 7
MM, 214, 171, 8
MM, 214, 173, 7
MM, 214, 174, 7
MM, 214, 175, 7
MM, 214, 176, 7
MM, 214, 177, 8
MM, 214, 178, 7
MM, 214, 179, 7
MM, 215, 180, 7
MM, 217, 181, 8
MM, 218, 182, 7
MM, 219, 182, 7
MM, 221, 184, 8
MM, 223, 185, 7
MM, 224, 185, 7
MM, 226, 185, 7
MM, 227, 185, 8
MM, 229, 185, 7
MM, 230, 185, 7
MM, 230, 185, 7
MM, 231, 185, 8
MM, 231, 185, 7
MM, 232, 185, 7
MM, 233, 185, 8
MM, 233, 185, 7
MM, 235, 185, 7
MM, 236, 185, 7
MM, 239, 183, 7
MM, 241, 181, 7
MM, 244, 179, 8
MM, 247, 174, 7
MM, 250, 169, 7
MM, 254, 163, 8
MM, 257, 159, 7
MM, 259, 154, 8
MM, 261, 149, 7
MM, 263, 144, 7
MM, 264, 138, 8
MM, 265, 135, 7
MM, 266, 132, 7
MM, 266, 128, 7
MM, 266, 125, 7
MM, 266, 122, 7
MM, 266, 120, 8
MM, 266, 118, 7
MM, 266, 117, 8
MM, 266, 115, 6
MM, 266, 114, 8
MM, 266, 114, 7
MM, 266, 113, 7
MM, 266, 113, 8
MM, 266, 113, 87
MM, 267, 113, 7
MM, 268, 113, 7
MM, 269, 113, 8
MM, 271, 113, 7
MM, 272, 113, 8
MM, 273, 113, 6
MM, 275, 113, 7
MM, 277, 113, 8
MM, 278, 113, 7
MM, 278, 113, 7
MM, 279, 113, 8
MM, 280, 113, 7
MM, 280, 113, 8
MM, 281, 113, 7
MM, 282, 113, 7
MM, 282, 113, 29
MM, 283, 113, 22
MM, 284, 113, 7
MM, 284, 113, 7
MM, 285, 113, 7
MM, 285, 113, 8
MM, 287, 113, 7
MM, 289, 113, 8
MM, 290, 113, 6
MM, 291, 113, 8
MM, 294, 113, 7
MM, 295, 113, 8
MM, 297, 113, 7
MM, 298, 113, 7
MM, 298, 113, 8
MM, 299, 113, 6
MM, 300, 113, 8
MM, 301, 113, 7
MM, 301, 113, 36
MM, 302, 113, 7
MP, 1, 298
MR, 1, 211
MC, 1, 0
MP, 1, 2
MR, 1, 213
MC, 2, 0
MM, 303, 111, 802
MM, 303, 108, 7
MM, 304, 105, 8
MM, 305, 103, 7
MM, 306, 101, 7
MM, 306, 98, 7
MM, 307, 96, 8
MM, 308, 94, 7
MM, 309, 92, 7
MM, 310, 90, 8
MM, 311, 89, 7
MM, 311, 87, 7
MM, 312, 86, 7
MM, 313, 84, 7
MM, 313, 82, 8
MM, 313, 82, 7
MM, 314, 81, 7
MM, 314, 81, 8
MM, 314, 80, 7
MM, 314, 79, 7
MM, 314, 79, 7
MM, 314, 78, 8
MM, 314, 77, 7
MM, 314, 77, 7
MM, 314, 77, 116
MM, 314, 77, 8
MM, 313, 77, 8
MM, 313, 77, 6
MM, 312, 77, 7
MM, 309, 77, 7
MM, 308, 77, 8
MM, 306, 78, 7
MM, 303, 80, 7
MM, 301, 81, 8
MM, 299, 83, 6
MM, 298, 84, 8
MM, 294, 88, 7
MM, 293, 90, 7
MM, 291, 92, 8
MM, 290, 95, 7
MM, 287, 97, 7
MM, 286, 98, 8
MM, 284, 100, 7
MM, 284, 102, 7
MM, 283, 103, 7
MM, 283, 104, 8
MM, 281, 104, 7
MM, 281, 105, 7
MM, 280, 106, 8
MM, 280, 106, 7
MM, 279, 107, 7
MM, 278, 108, 7
MM, 278, 109, 7
MM, 277, 109, 8
MM, 277, 110, 7
MM, 277, 110, 7
MM, 276, 111, 8
MM, 275, 111, 7
MM, 275, 112, 7
MM, 274, 113, 7
MM, 274, 113, 8
MM, 274, 114, 7
MM, 274, 114, 7
MM, 274, 115, 7
MM, 274, 115, 8
MM, 274, 116, 7
MM, 274, 117, 8
MM, 273, 118, 7
MM, 273, 118, 7
MM, 273, 119, 102
MP, 1, 276
MD, 270, 119, 247
MD, 264, 119, 7
MD, 260, 119, 7
MD, 255, 119, 8
MD, 250, 120, 7
MD, 245, 121, 7
MD, 242, 122, 7
MD, 237, 122, 8
MD, 234, 123, 7
MD, 230, 124, 7
MD, 228, 125, 7
MD, 225, 126, 7
MD, 222, 127, 8
MD, 221, 128, 6
MD, 219, 129, 8
MD, 218, 129, 8
MD, 217, 130, 7
MD, 215, 131, 7
MD, 215, 131, 8
MD, 214, 131, 7
MD, 214, 131, 7
MD, 213, 131, 7
MD, 213, 131, 8
MD, 212, 131, 7
MD, 211, 131, 7
MD, 211, 131, 8
MD, 210, 131, 7
MD, 209, 131, 7
MD, 208, 131, 8
MD, 207, 134, 305
MD, 206, 136, 7
MD, 204, 138, 8
MD, 202, 142, 6
MD, 200, 145, 7
MD, 199, 147, 15
MD, 197, 150, 7
MD, 195, 152, 7
MD, 193, 155, 7
MD, 193, 157, 8
MD, 192, 159, 7
MD, 191, 161, 8
MD, 190, 162, 7
MD, 190, 164, 8
MD, 189, 165, 6
MD, 188, 166, 7
MD, 187, 168, 7
MD, 187, 168, 7
MD, 187, 169, 8
MR, 1, 7
MP, 1, 254
MR, 1, 215
MC, 1, 0
MM, 189, 171, 258
MM, 192, 174, 7
MM, 196, 175, 6
MM, 197, 178, 8
MM, 198, 178, 7
MM, 205, 177, 517
MM, 213, 175, 7
MM, 221, 173, 7
MM, 230, 169, 8
MM, 237, 167, 7
MM, 245, 164, 7
MM, 252, 162, 7
MM, 258, 158, 7
MM, 264, 155, 8
MM, 269, 152, 7
MM, 275, 148, 7
MM, 281, 145, 8
MM, 284, 143, 7
MM, 288, 139, 7
MM, 293, 136, 7
MM, 295, 134, 8
MM, 298, 131, 7
MM, 301, 130, 7
MM, 303, 128, 8
MM, 304, 126, 7
MM, 307, 124, 7
MM, 308, 122, 7
MM, 309, 121, 7
MM, 311, 119, 8
MM, 313, 118, 7
MM, 315, 116, 7
MM, 316, 114, 8
MM, 318, 112, 7
MM, 319, 111, 7
MM, 321, 107, 7
MM, 323, 106, 7
MM, 324, 104, 8
MM, 325, 101, 7
MM, 326, 98, 7
MM, 327, 97, 8
MM, 327, 95, 7
MM, 329, 92, 7
MM, 330, 89, 7
MM, 330, 87, 8
MM, 331, 84, 7
MM, 332, 82, 7
MM, 333, 80, 7
MM, 333, 77, 8
MM, 333, 75, 7
MM, 333, 74, 7
MM, 334, 73, 8
MM, 334, 71, 7
MM, 334, 69, 7
MM, 334, 69, 8
MM, 334, 68, 7
MM, 334, 68, 7
MM, 334, 67, 7
MM, 334, 67, 8
MM, 334, 66, 7
MM, 334, 65, 7
MM, 334, 64, 7
MM, 334, 64, 58
MM, 334, 63, 44
MM, 334, 62, 44
MM, 334, 62, 7
MM, 334, 61, 8
MM, 334, 61, 7
MM, 334, 60, 7
MM, 334, 59, 7
MM, 334, 58, 7
MM, 334, 58, 7
MM, 334, 57, 8
MM, 334, 57, 7
MM, 334, 56, 8
MM, 334, 56, 7
MM, 334, 55, 7
MM, 334, 54, 7
MM, 334, 53, 8
MM, 334, 53, 7
MM, 334, 52, 72
MM, 334, 52, 8
MM, 334, 51, 7
MM, 334, 50, 15
MM, 334, 50, 7
MM, 334, 49, 7
MM, 334, 49, 8
MM, 334, 47, 7
MM, 334, 47, 7
MM, 334, 46, 7
MM, 334, 46, 8
MM, 334, 45, 21
MM, 334, 45, 80
MM, 334, 44, 8
MM, 334, 44, 7
MM, 334, 43, 7
MM, 334, 42, 7
MM, 334, 41, 7
MM, 334, 41, 8
MM, 334, 40, 7
MM, 334, 39, 7
MM, 334, 39, 7
MM, 334, 38, 7
MP, 1, 618
MR, 1, 215
MC, 1, 0
MM, 339, 40, 620
MM, 347, 45, 8
MM, 357, 49, 7
MM, 369, 52, 7
MM, 383, 55, 8
MM, 396, 56, 7
MM, 409, 56, 7
MM, 424, 56, 7
MM, 437, 56, 8
MM, 449, 53, 7
MM, 460, 51, 7
MM, 470, 49, 8
MM, 479, 46, 7
MM, 488, 43, 7
MM, 494, 40, 8
MM, 499, 37, 7
MM, 503, 34, 7
MM, 508, 31, 7
MM, 510, 30, 7
MM, 512, 28, 8
MM, 514, 26, 7
MM, 516, 25, 6
MM, 517, 23, 8
MM, 519, 21, 8
MM, 519, 20, 7
MM, 520, 19, 7
MM, 521, 19, 7
MM, 522, 18, 8
MM, 522, 17, 7
MM, 523, 17, 7
MM, 523, 16, 8
MM, 523, 15, 7
MM, 523, 14, 22
MP, 1, 406
MR, 1, 215
MC, 1, 0
MM, 522, 14, 745
MM, 517, 14, 7
MM, 512, 13, 8
MM, 505, 12, 6
MM, 500, 10, 8
MM, 493, 8, 6
MM, 486, 5, 8
MM, 478, 3, 7
MM, 470, 1, 7
MM, 462, -1, 8
MM, 454, -2, 7
MM, 444, -4, 7
MM, 437, -2, 8
MM, 429, -1, 7
MM, 421, -1, 7
MM, 414, -1, 7
MM, 408, -1, 8
MM, 403, -1, 7
MM, 399, -1, 7
MM, 395, -1, 7
MM, 393, -1, 8
MM, 390, -1, 7
MM, 387, 0, 7
MM, 386, 0, 8
MM, 385, 0, 7
MM, 384, 0, 7
MM, 383, 0, 7
MM, 382, 0, 7
MP, 1, 203
MR, 1, 216
MC, 1, 0
MM, 381, 0, 687
MM, 381, 1, 7
MM, 380, 1, 7
MM, 380, 2, 8
MM, 379, 2, 7
MM, 378, 3, 7
MM, 378, 3, 7
MM, 377, 4, 7
MM, 376, 5, 8
MM, 375, 5, 7
MM, 375, 6, 7
MM, 374, 6, 7
MM, 374, 6, 7
MM, 373, 7, 7
MM, 373, 8, 8
MM, 372, 8, 7
MM, 371, 8, 7
MM, 370, 8, 8
MM, 370, 9, 7
MM, 369, 9, 7
MM, 369, 9, 7
MM, 368, 9, 7
MM, 367, 9, 7
MM, 367, 9, 8
MM, 366, 9, 7
MM, 364, 9, 8
MM, 363, 9, 7
MM, 362, 9, 6
MM, 361, 9, 8
MM, 358, 9, 7
MM, 355, 9, 8
MM, 353, 9, 6
MM, 350, 9, 8
MM, 348, 8, 7
MM, 345, 7, 8
MM, 341, 7, 7
MM, 336, 6, 7
MM, 331, 5, 7
MM, 326, 3, 8
MM, 322, 2, 7
MM, 319, 1, 7
MM, 314, 0, 8
MM, 311, 0, 7
MM, 308, -1, 7
MM, 304, 0, 8
MM, 302, 0, 7
MM, 299, 0, 7
MM, 297, 0, 7
MM, 295, 0, 7
MM, 292, 0, 7
MM, 290, 0, 8
MM, 288, 0, 7
MM, 287, 0, 7
MM, 285, 0, 7
MM, 284, 0, 8
MM, 283, 0, 7
MM, 282, 0, 7
MM, 282, 0, 7
MM, 281, 0, 8
MM, 281, 0, 7
MM, 280, 0, 8
MM, 279, 0, 7
MM, 278, 0, 7
MM, 278, 0, 7
MM, 277, 0, 7
MM, 277, 0, 8
MM, 276, 0, 7
MM, 276, 0, 29
MM, 276, 0, 8
MM, 276, 1, 7
MM, 276, 1, 7
MM, 276, 3, 7
MM, 276, 5, 8
MM, 278, 9, 7
MM, 280, 16, 7
MM, 284, 26, 7
MM, 288, 37, 7
MM, 296, 52, 8
MM, 304, 70, 7
MM, 315, 95, 8
MM, 326, 118, 6
MM, 336, 146, 7
MM, 347, 177, 8
MM, 360, 210, 7
MM, 370, 245, 7
MM, 383, 281, 7
MM, 393, 314, 8
MM, 402, 344, 7
MM, 410, 376, 7
MM, 417, 406, 8
MM, 423, 430, 7
MM, 430, 450, 8
MM, 433, 466, 7
MM, 437, 482, 7
MM, 441, 494, 7
MM, 444, 503, 8
MM, 446, 512, 7
MM, 447, 519, 7
MM, 448, 523, 7
MM, 449, 525, 7
MM, 449, 527, 8
MM, 449, 529, 6
MM, 449, 531, 8
MM, 452, 538, 357
MM, 455, 548, 7
MM, 458, 559, 7
MM, 463, 571, 7
MM, 466, 583, 8
MM, 469, 594, 7
MM, 474, 605, 7
MM, 477, 615, 7
MM, 480, 624, 8
MM, 485, 633, 7
MM, 488, 641, 7
MM, 490, 647, 15
MM, 492, 653, 2
MM, 494, 658, 5
MM, 495, 661, 7
MM, 496, 663, 7
MM, 496, 664, 8
MM, 497, 666, 7
MM, 497, 668, 7
MM, 497, 668, 7
MM, 497, 669, 8
MM, 497, 669, 7
MM, 497, 670, 7
MM, 497, 671, 7
MM, 497, 671, 8
MM, 497, 672, 7
MM, 497, 673, 7
MM, 497, 673, 8
MM, 497, 674, 7
MM, 497, 675, 7
MM, 497, 675, 7
MM, 498, 676, 248
MM, 499, 676, 7
MM, 500, 677, 7
MM, 500, 678, 7
MM, 501, 680, 7
MM, 502, 682, 8
MM, 502, 683, 7
MM, 503, 684, 8
MM, 504, 686, 7
MM, 504, 688, 7
MM, 506, 689, 8
MM, 506, 691, 7
MM, 506, 692, 7
MM, 506, 693, 7
MM, 506, 694, 8
MM, 506, 694, 7
MM, 506, 695, 7
MM, 506, 696, 7
MM, 506, 696, 7
MM, 506, 697, 8
MM, 506, 697, 7
MM, 506, 698, 7
MM, 506, 698, 8
MM, 506, 700, 7
MM, 506, 700, 7
MM, 506, 701, 7
MM, 506, 701, 7
MM, 506, 702, 8
MM, 506, 702, 7
MM, 506, 703, 7
MM, 506, 704, 7
MM, 505, 704, 8
MM, 504, 705, 7
MM, 504, 706, 8
MM, 503, 707, 7
MM, 503, 707, 7
MM, 502, 708, 7
MM, 502, 708, 7
MM, 500, 709, 8
MM, 498, 710, 7
MM, 497, 710, 7
MM, 495, 712, 7
MM, 494, 712, 8
MM, 492, 713, 7
MM, 490, 715, 7
MM, 489, 716, 8
MM, 487, 717, 7
MM, 484, 720, 7
MM, 482, 721, 7
MM, 481, 723, 7
MM, 478, 724, 8
MM, 476, 726, 7
MM, 475, 728, 8
MM, 473, 729, 6
MM, 472, 731, 8
MM, 470, 732, 7
MM, 468, 732, 7
MM, 467, 733, 7
MM, 465, 734, 8
MM, 465, 735, 7
MM, 464, 736, 7
MM, 464, 736, 8
MM, 463, 737, 7
MM, 463, 737, 7
MM, 462, 738, 7
MM, 462, 738, 7
MM, 461, 739, 8
MM, 460, 740, 7
MM, 460, 741, 7
MM, 459, 741, 8
MM, 458, 741, 7
MM, 457, 741, 102
MM, 457, 741, 22
MM, 456, 741, 15
MM, 456, 741, 21
MM, 455, 741, 8
MM, 455, 741, 7
MM, 454, 741, 7
MM, 453, 741, 7
MM, 452, 741, 7
MM, 452, 741, 8
MM, 451, 741, 7
MM, 451, 741, 7
MM, 450, 741, 7
MM, 449, 741, 8
MM, 449, 741, 7
MM, 448, 741, 7
MM, 448, 741, 7
MM, 446, 741, 7
MM, 446, 741, 8
MM, 445, 741, 7
MM, 445, 741, 7
MM, 444, 741, 8
MM, 444, 741, 7
MM, 443, 741, 7
MM, 442, 741, 8
MM, 442, 741, 7
MM, 441, 741, 7
MM, 440, 741, 7
MM, 440, 741, 7
MM, 439, 741, 8
MM, 438, 741, 7
MM, 438, 741, 7
MM, 437, 741, 7
MM, 437, 741, 7
MM, 436, 741, 8
MM, 435, 741, 6
MM, 434, 741, 9
MM, 434, 741, 2840
MM, 434, 741, 8
MM, 435, 741, 7
MM, 436, 741, 7
MM, 436, 741, 7
MM, 437, 741, 8
MM, 437, 741, 7
MM, 438, 741, 7
MM, 439, 741, 7
MM, 440, 741, 8
MM, 442, 741, 204
MM, 444, 741, 7
MM, 447, 741, 7
MM, 448, 741, 8
MM, 449, 740, 7
MM, 451, 740, 7
MM, 453, 740, 7
MM, 453, 740, 7
MM, 454, 740, 8
MM, 455, 740, 7
MM, 455, 740, 7
MM, 456, 740, 7
MM, 456, 740, 8
MM, 457, 740, 21
MM, 457, 740, 22
MM, 459, 740, 7
MM, 459, 740, 8
MM, 460, 740, 7
MM, 460, 740, 7
MM, 461, 740, 6
MM, 461, 740, 9
MM, 462, 740, 7
MM, 463, 740, 8
MM, 463, 740, 6
MM, 464, 740, 7
MM, 465, 740, 7
MM, 466, 740, 30
MM, 466, 740, 15
MM, 467, 740, 7
MM, 467, 740, 6
MM, 468, 740, 8
MM, 471, 740, 8
MM, 472, 740, 7
MM, 473, 740, 7
MM, 474, 740, 7
MM, 476, 740, 8
MM, 478, 740, 7
MM, 479, 740, 7
MM, 480, 740, 7
MM, 481, 740, 8
MM, 482, 740, 7
MM, 482, 740, 7
MM, 483, 740, 8
MM, 484, 740, 6
MM, 484, 740, 8
MM, 485, 740, 15
MM, 486, 740, 51
MM, 486, 740, 72
MM, 487, 740, 51
MM, 487, 740, 7
MM, 488, 740, 7
MM, 488, 740, 8
MM, 489, 740, 7
MM, 490, 740, 6
MM, 491, 740, 8
MM, 491, 740, 7
MM, 492, 740, 8
MM, 492, 740, 7
MM, 493, 740, 7
MM, 494, 740, 8
MM, 493, 740, 530
MM, 490, 740, 7
MM, 488, 740, 7
MM, 485, 740, 7
MM, 483, 740, 8
MM, 480, 740, 7
MM, 478, 740, 7
MM, 476, 740, 8
MM, 474, 740, 7
MM, 473, 740, 7
MM, 471, 740, 7
MM, 470, 740, 8
MM, 468, 740, 7
MM, 467, 740, 7
MM, 465, 740, 7
MM, 465, 740, 8
MM, 464, 740, 7
MM, 464, 740, 7
MM, 463, 740, 8
MM, 462, 740, 7
MM, 461, 740, 7
MM, 461, 740, 7
MM, 460, 740, 8
MM, 460, 740, 7
MM, 459, 740, 7
MM, 458, 740, 8
MM, 458, 740, 7
MM, 457, 740, 7
MM, 456, 740, 43
MM, 455, 740, 23
MM, 455, 740, 7
MM, 454, 740, 7
MM, 454, 740, 7
MM, 453, 740, 7
MM, 453, 740, 8
MM, 452, 740, 7
MM, 450, 740, 7
MM, 448, 740, 7
MM, 446, 740, 8
MM, 442, 740, 7
MM, 438, 740, 7
MM, 434, 740, 7
MM, 430, 740, 8
MM, 424, 740, 7
MM, 417, 740, 7
MM, 412, 740, 8
MM, 405, 740, 6
MM, 400, 740, 8
MM, 393, 740, 7
MM, 386, 739, 7
MM, 381, 739, 8
MM, 375, 739, 7
MM, 370, 739, 7
MM, 364, 739, 8
MM, 359, 739, 7
MM, 355, 739, 7
MM, 352, 739, 8
MM, 348, 739, 6
MM, 344, 739, 8
MM, 341, 739, 7
MM, 339, 739, 7
MM, 336, 739, 8
MM, 334, 739, 7
MM, 332, 739, 7
MM, 331, 739, 7
MM, 329, 739, 8
MM, 328, 739, 7
MM, 326, 739, 7
MM, 325, 739, 7
MM, 323, 739, 8
MM, 322, 739, 7
MM, 320, 739, 7
MM, 320, 739, 7
MM, 319, 739, 8
MM, 319, 739, 7
MM, 318, 739, 7
MM, 317, 739, 8
MM, 316, 739, 7
MM, 316, 739, 7
MM, 315, 739, 7
MM, 315, 739, 8
MM, 314, 739, 7
MM, 313, 739, 7
MM, 313, 739, 7
MM, 312, 739, 8
MM, 312, 739, 7
MM, 311, 739, 7
MM, 310, 739, 7
MM, 309, 739, 8
MM, 309, 740, 7
MM, 308, 740, 7
MM, 308, 740, 8
MM, 307, 741, 7
MM, 307, 741, 7
MM, 306, 741, 7
MM, 305, 741, 7
MM, 304, 741, 7
MM, 304, 741, 8
MM, 303, 741, 7
MM, 302, 741, 8
MM, 301, 741, 7
MM, 298, 742, 7
MM, 297, 742, 7
MM, 296, 742, 7
MM, 294, 742, 7
MM, 294, 742, 8
MM, 293, 742, 7
MM, 292, 742, 7
MM, 292, 742, 9
MM, 291, 742, 7
MM, 290, 742, 6
MM, 290, 742, 8
MM, 289, 742, 7
MM, 287, 742, 7
MM, 285, 742, 8
MM, 284, 743, 7
MM, 283, 743, 7
MM, 282, 743, 7
MM, 282, 743, 7
MM, 281, 743, 8
MM, 280, 743, 7
MM, 279, 743, 7
MM, 279, 743, 8
MM, 278, 743, 7
MM, 277, 743, 7
MM, 277, 743, 7
MM, 276, 743, 8
MM, 276, 744, 7
MM, 275, 744, 7
MM, 274, 744, 8
MM, 273, 745, 7
MM, 273, 745, 7
MM, 272, 745, 7
MM, 272, 746, 8
MM, 271, 746, 7
MM, 271, 746, 7
MM, 270, 747, 8
MM, 269, 747, 5
MM, 268, 747, 8
MM, 268, 747, 8
MM, 267, 747, 7
MP, 1, 254
MR, 1, 216
MC, 1, 0
MM, 264, 745, 323
MM, 261, 741, 6
MM, 257, 737, 9
MM, 255, 735, 7
MM, 252, 733, 6
MM, 249, 729, 8
MM, 246, 727, 7
MM, 244, 725, 8
MM, 242, 723, 6
MM, 240, 722, 8
MM, 239, 721, 7
MM, 238, 720, 7
MM, 236, 720, 8
MM, 235, 719, 7
MM, 234, 718, 7
MM, 234, 718, 7
MM, 233, 718, 7
MM, 233, 718, 7
MM, 232, 718, 7
MP, 1, 226
MR, 1, 215
MC, 1, 0
MM, 233, 708, 367
MM, 236, 692, 7
MM, 240, 674, 7
MM, 246, 649, 8
MM, 251, 628, 7
MM, 253, 605, 7
MM, 258, 582, 8
MM, 261, 561, 7
MM, 263, 540, 7
MM, 265, 523, 7
MM, 266, 509, 8
MM, 267, 492, 6
MM, 268, 479, 8
MM, 269, 465, 8
MM, 269, 454, 7
MM, 271, 441, 7
MM, 271, 431, 6
MM, 271, 420, 8
MM, 271, 411, 7
MM, 271, 402, 8
MM, 271, 393, 7
MM, 271, 387, 7
MM, 271, 379, 8
MM, 271, 372, 7
MM, 271, 365, 7
MM, 270, 360, 8
MM, 270, 354, 7
MM, 270, 351, 7
MM, 270, 347, 8
MM, 269, 344, 7
MM, 269, 340, 7
MM, 269, 337, 7
MM, 269, 334, 8
MM, 269, 329, 7
MM, 269, 323, 7
MM, 269, 320, 7
MM, 269, 317, 8
MM, 269, 313, 7
MM, 268, 310, 7
MM, 268, 306, 7
MM, 268, 303, 8
MM, 267, 300, 7
MM, 267, 297, 8
MM, 267, 295, 6
MM, 267, 292, 8
MM, 267, 290, 7
MM, 267, 287, 7
MM, 267, 285, 8
MM, 267, 282, 7
MM, 266, 280, 7
MM, 266, 279, 7
MM, 266, 276, 8
MM, 266, 274, 7
MM, 265, 272, 7
MM, 265, 269, 7
MM, 264, 266, 8
MM, 264, 262, 7
MM, 262, 259, 7
MM, 261, 256, 8
MM, 260, 252, 7
MM, 259, 247, 7
MM, 258, 242, 7
MM, 258, 237, 8
MM, 257, 232, 7
MM, 256, 226, 7
MM, 255, 222, 7
MM, 253, 216, 7
MM, 253, 212, 8
MM, 252, 207, 6
MM, 252, 204, 8
MM, 251, 200, 8
MM, 251, 197, 6
MM, 250, 194, 8
MM, 250, 191, 8
MM, 250, 189, 6
MM, 250, 187, 7
MM, 249, 185, 8
MM, 249, 183, 7
MM, 249, 182, 7
MM, 249, 181, 7
MM, 249, 179, 7
MM, 249, 178, 8
MM, 249, 176, 7
MM, 248, 176, 8
MM, 248, 174, 7
MM, 248, 174, 7
MM, 248, 173, 8
MM, 248, 172, 6
MM, 248, 172, 8
MM, 248, 171, 7
MM, 248, 170, 8
MM, 248, 170, 7
MM, 248, 169, 7
MM, 248, 169, 8
MM, 248, 167, 7
MM, 248, 166, 8
MM, 248, 164, 7
MM, 248, 162, 7
MM, 247, 160, 8
MM, 247, 159, 6
MM, 246, 156, 8
MM, 246, 155, 7
MM, 246, 153, 7
MM, 246, 152, 8
MM, 246, 150, 7
MM, 245, 148, 7
MM, 245, 145, 7
MM, 245, 143, 7
MM, 245, 142, 8
MM, 245, 140, 7
MM, 245, 138, 7
MM, 245, 137, 7
MM, 245, 136, 7
MM, 245, 136, 8
MM, 245, 135, 7
MM, 245, 135, 7
MM, 245, 134, 7
MM, 244, 134, 87
MM, 244, 132, 473
MM, 243, 130, 8
MM, 242, 127, 6
MM, 242, 125, 8
MM, 241, 123, 7
MM, 241, 120, 7
MM, 241, 118, 8
MM, 241, 117, 7
MM, 241, 116, 7
MM, 241, 116, 7
MM, 241, 115, 7
MM, 241, 115, 8
MM, 241, 114, 7
MM, 241, 113, 7
MP, 1, 486
MR, 1, 183
MC, 1, 0
MP, 1, 2
MR, 1, 213
MC, 2, 0
MM, 242, 114, 860
MM, 242, 114, 7
MM, 242, 115, 7
MM, 243, 115, 8
MM, 243, 116, 7
MM, 244, 117, 7
MM, 244, 118, 8
MM, 246, 118, 6
MM, 246, 118, 7
MM, 247, 118, 8
MM, 247, 118, 7
MM, 248, 118, 7
MM, 249, 119, 8
MM, 249, 119, 7
MM, 250, 119, 7
MM, 250, 119, 8
MM, 251, 120, 7
MM, 253, 120, 7
MM, 253, 120, 7
MM, 254, 120, 8
MM, 254, 120, 7
MM, 255, 120, 7
MM, 256, 120, 8
MM, 256, 120, 7
MM, 257, 120, 7
MM, 258, 120, 8
MM, 259, 120, 7
MP, 1, 349
MR, 1, 203
MC, 1, 0
MP, 1, 1
MR, 1, 214
MC, 2, 0
MP, 1, 2793
MR, 1, 226
MC, 1, 0
MP, 1, 1
MR, 1, 213
MC, 2, 0
MP, 2, 774
MR, 2, 145
MC, 1, 0
MM, 261, 122, 1256
MM, 266, 123, 8
MM, 272, 125, 7
MM, 277, 127, 8
MM, 282, 131, 6
MM, 288, 133, 8
MM, 291, 135, 7
MM, 295, 136, 8
MM, 298, 139, 7
MM, 300, 140, 7
MM, 302, 140, 7
MM, 302, 141, 8
MM, 303, 141, 7
MM, 304, 142, 7
MM, 305, 143, 7
MM, 305, 143, 7
MM, 306, 143, 8
MM, 306, 143, 7
MM, 307, 143, 7
MM, 307, 143, 44
MM, 308, 143, 36
MM, 309, 143, 29
MM, 309, 144, 502
MM, 310, 144, 7
MM, 310, 144, 7
MM, 310, 144, 8
MM, 310, 146, 7
MM, 311, 146, 7
MM, 311, 147, 7
MM, 312, 147, 7
MM, 313, 148, 8
MM, 313, 148, 7
MM, 314, 149, 8
MM, 315, 150, 6
MM, 315, 150, 7
MM, 315, 151, 8
MM, 316, 152, 8
MM, 316, 152, 6
MM, 316, 153, 8
MM, 316, 154, 7
MM, 316, 154, 15
MM, 317, 154, 43
MM, 317, 155, 37
MP, 1, 362
MR, 1, 215
MC, 1, 0
MM, 527, 499, 4240
MM, 524, 491, 7
MM, 520, 481, 7
MM, 516, 470, 8
MM, 513, 459, 7
MM, 509, 447, 7
MM, 506, 433, 7
MM, 504, 420, 7
MM, 502, 405, 8
MM, 501, 392, 7
MM, 499, 378, 7
MM, 497, 365, 7
MM, 496, 352, 8
MM, 495, 337, 7
MM, 494, 325, 7
MM, 493, 313, 7
MM, 492, 302, 8
MM, 491, 292, 8
MM, 490, 281, 6
MM, 489, 270, 8
MM, 487, 259, 6
MM, 486, 250, 8
MM, 485, 240, 6
MM, 483, 232, 8
MM, 482, 223, 7
MM, 481, 215, 8
MM, 479, 206, 7
MM, 478, 201, 8
MM, 475, 194, 7
MM, 473, 186, 7
MM, 472, 182, 7
MM, 471, 176, 8
MM, 470, 172, 7
MM, 469, 168, 7
MM, 468, 165, 7
MM, 466, 161, 8
MM, 466, 159, 7
MM, 465, 157, 7
MM, 464, 156, 7
MM, 464, 153, 8
MM, 464, 153, 7
MM, 464, 152, 7
MM, 464, 152, 8
MM, 464, 151, 7
MM, 464, 151, 7
MM, 464, 150, 8
MM, 463, 149, 6
MM, 462, 148, 8
MM, 462, 148, 7
MM, 461, 147, 8
MM, 460, 146, 7
MM, 459, 144, 7
MM, 459, 143, 8
MM, 458, 140, 6
MM, 457, 138, 8
MM, 456, 136, 7
MM, 456, 132, 7
MM, 455, 130, 7
MM, 454, 128, 8
MM, 452, 125, 7
MM, 451, 123, 8
MM, 450, 120, 7
MM, 449, 117, 7
MM, 449, 116, 7
MM, 448, 115, 7
MM, 447, 113, 8
MM, 447, 112, 6
MM, 445, 111, 8
MM, 445, 111, 7
MM, 444, 110, 8
MM, 444, 109, 7
MM, 444, 109, 7
MM, 444, 108, 7
MM, 444, 108, 1845
MM, 443, 108, 8
MM, 442, 109, 7
MM, 442, 110, 7
MM, 441, 110, 8
MM, 441, 111, 7
MM, 440, 111, 7
MM, 440, 111, 7
MM, 438, 112, 8
MM, 438, 113, 7
MM, 437, 114, 7
MM, 437, 114, 7
MM, 436, 115, 8
MM, 435, 115, 6
MM, 435, 116, 8
MM, 434, 116, 7
MM, 434, 116, 7
MM, 432, 116, 8
MM, 432, 116, 7
MM, 431, 116, 7
MM, 431, 116, 8
MM, 430, 116, 7
MM, 430, 116, 7
MM, 429, 116, 8
MM, 428, 116, 7
MM, 428, 116, 7
MM, 427, 116, 8
MM, 426, 116, 7
MM, 426, 116, 7
MM, 426, 117, 334
MM, 426, 117, 7
MM, 426, 118, 8
MM, 426, 119, 7
MM, 426, 120, 7
MM, 426, 120, 7
MM, 426, 121, 8
MM, 426, 121, 7
MM, 426, 122, 8
MM, 426, 122, 7
MM, 426, 123, 7
MM, 426, 124, 7
MM, 426, 125, 8
MM, 426, 125, 7
MM, 426, 126, 7
MM, 426, 127, 7
MM, 426, 127, 7
MM, 426, 128, 8
MM, 426, 128, 7
MM, 426, 129, 7
MM, 426, 129, 8
MM, 426, 131, 7
MM, 426, 131, 7
MM, 426, 132, 7
MM, 426, 132, 8
MM, 426, 133, 7
MM, 426, 133, 7
MM, 426, 134, 7
MM, 426, 135, 8
MM, 426, 135, 7
MM, 426, 136, 7
MM, 426, 137, 7
MM, 426, 137, 29
MM, 426, 138, 95
MM, 426, 139, 15
MM, 426, 139, 29
MM, 426, 140, 22
MM, 426, 140, 43
MM, 426, 141, 58
MM, 426, 142, 14
MM, 427, 153, 757
MM, 431, 168, 7
MM, 436, 185, 7
MM, 441, 208, 7
MM, 445, 230, 8
MM, 451, 254, 7
MM, 455, 275, 7
MM, 460, 299, 7
MM, 465, 318, 7
MM, 469, 336, 8
MM, 471, 352, 7
MM, 474, 365, 8
MM, 477, 377, 6
MM, 479, 388, 8
MM, 480, 397, 7
MM, 481, 407, 8
MM, 482, 416, 7
MM, 483, 425, 7
MM, 484, 433, 7
MM, 485, 438, 8
MM, 486, 445, 7
MM, 488, 450, 7
MM, 489, 455, 7
MM, 490, 460, 8
MM, 491, 464, 6
MM, 491, 467, 8
MM, 492, 470, 7
MM, 493, 472, 7
MM, 493, 474, 8
MM, 494, 478, 7
MM, 494, 480, 7
MM, 496, 482, 8
MM, 497, 485, 7
MM, 497, 487, 7
MM, 498, 489, 7
MM, 499, 494, 7
MM, 500, 497, 7
MM, 502, 501, 8
MM, 503, 504, 7
MM, 506, 508, 7
MM, 508, 512, 8
MM, 509, 515, 6
MM, 511, 519, 8
MM, 513, 521, 7
MM, 515, 524, 8
MM, 515, 527, 7
MM, 516, 529, 7
MM, 517, 530, 8
MM, 517, 531, 7
MM, 518, 535, 7
MM, 519, 537, 7
MM, 520, 539, 7
MM, 521, 542, 8
MM, 522, 545, 7
MM, 523, 551, 7
MM, 523, 555, 7
MM, 523, 562, 8
MM, 523, 570, 7
MM, 522, 578, 8
MM, 521, 585, 7
MM, 519, 593, 7
MM, 518, 600, 7
MM, 517, 606, 8
MM, 516, 612, 7
MM, 515, 619, 7
MM, 514, 624, 8
MM, 514, 629, 7
MM, 514, 632, 7
MM, 514, 636, 8
MM, 514, 639, 6
MM, 513, 642, 8
MM, 513, 646, 7
MM, 513, 649, 8
MM, 512, 654, 6
MM, 510, 658, 8
MM, 509, 664, 7
MM, 508, 668, 7
MM, 507, 674, 7
MM, 506, 679, 8
MM, 505, 682, 7
MM, 505, 685, 7
MM, 504, 690, 7
MM, 503, 692, 8
MM, 501, 697, 7
MM, 501, 700, 7
MM, 500, 705, 7
MM, 499, 707, 8
MM, 498, 709, 7
MM, 497, 715, 7
MM, 497, 718, 7
MM, 496, 722, 7
MM, 495, 724, 8
MM, 494, 729, 7
MM, 497, 731, 508
MM, 500, 734, 8
MM, 505, 737, 7
MM, 508, 741, 8
MM, 513, 743, 6
MM, 515, 746, 8
MM, 520, 749, 14
MM, 521, 751, 8
MM, 522, 751, 7
MM, 523, 752, 7
MM, 523, 753, 8
MM, 524, 754, 6
MM, 524, 754, 8
MM, 524, 755, 8
MM, 524, 756, 6
MM, 524, 756, 7
MM, 524, 757, 8
MM, 524, 757, 6
MP, 1, 364
MR, 1, 216
MC, 1, 0
MM, 522, 752, 541
MM, 515, 737, 7
MM, 508, 720, 7
MM, 500, 700, 7
MM, 490, 677, 8
MM, 479, 651, 7
MM, 468, 623, 7
MM, 456, 595, 7
MM, 443, 566, 8
MM, 429, 535, 7
MM, 415, 507, 7
MM, 404, 481, 8
MM, 389, 452, 7
MM, 373, 423, 27
MM, 361, 400, 2
MM, 348, 376, 2
MM, 322, 323, 5
MM, 313, 309, 7
MM, 308, 298, 8
MM, 302, 290, 7
MM, 299, 283, 7
MM, 296, 278, 8
MM, 295, 273, 7
MM, 292, 270, 7
MM, 291, 267, 7
MM, 290, 265, 8
MM, 290, 265, 7
MM, 289, 264, 7
MM, 289, 264, 7
MM, 288, 263, 8
MM, 288, 263, 6
MM, 286, 262, 7
MM, 285, 257, 452
MM, 283, 248, 7
MM, 282, 240, 7
MM, 281, 232, 7
MM, 280, 227, 7
MM, 279, 218, 8
MM, 278, 212, 7
MM, 277, 206, 8
MM, 276, 199, 7
MM, 275, 193, 7
MM, 274, 190, 8
MM, 273, 187, 7
MM, 272, 184, 7
MM, 272, 183, 8
MM, 272, 181, 7
MM, 272, 181, 7
MM, 272, 180, 8
MM, 272, 179, 6
MM, 272, 178, 7
MM, 272, 178, 8
MM, 272, 177, 254
MM, 271, 177, 8
MM, 271, 176, 7
MM, 270, 175, 7
MM, 270, 174, 7
MP, 1, 500
MD, 269, 175, 350
MD, 269, 177, 7
MD, 269, 179, 8
MD, 268, 181, 7
MD, 268, 182, 7
MD, 268, 183, 7
MD, 268, 185, 7
MD, 268, 187, 8
MD, 268, 188, 7
MD, 268, 189, 7
MD, 268, 189, 7
MD, 268, 190, 7
MD, 268, 190, 8
MD, 268, 191, 8
MD, 268, 191, 6
MD, 268, 193, 7
MD, 268, 193, 7
MD, 268, 194, 8
MR, 1, 7
MM, 268, 196, 582
MM, 267, 198, 7
MM, 266, 201, 8
MM, 265, 203, 7
MM, 265, 205, 6
MM, 265, 206, 8
MM, 265, 206, 7
MM, 264, 205, 619
MM, 262, 202, 6
MM, 261, 196, 8
MM, 258, 192, 7
MM, 254, 186, 13
MM, 251, 180, 2
MM, 248, 175, 7
MM, 244, 169, 7
MM, 241, 166, 8
MM, 240, 162, 7
MM, 238, 158, 7
MM, 236, 156, 7
MM, 234, 152, 8
MM, 232, 150, 7
MM, 232, 149, 7
MM, 231, 147, 8
MM, 231, 147, 7
MM, 229, 145, 7
MM, 229, 145, 7
MM, 228, 144, 7
MM, 228, 144, 7
MM, 227, 143, 8
MP, 1, 291
MR, 1, 239
MC, 1, 0
MP, 1, 0
MD, 227, 141, 298
MD, 227, 139, 7
MD, 227, 138, 7
MD, 227, 136, 7
MD, 227, 134, 8
MD, 227, 134, 7
MD, 227, 133, 8
MD, 227, 133, 7
MD, 227, 132, 7
MD, 227, 132, 7
MD, 227, 130, 29
MD, 226, 130, 22
MD, 226, 130, 22
MD, 226, 129, 29
MD, 226, 129, 15
MD, 226, 129, 7
MD, 226, 128, 15
MD, 225, 128, 7
MD, 225, 127, 14
MD, 225, 126, 15
MD, 225, 126, 7
MD, 225, 125, 15
MD, 224, 124, 14
MD, 224, 123, 22
MD, 224, 123, 36
MR, 1, 80
MP, 1, 276
MR, 1, 269
MC, 1, 0
MP, 1, 1
MD, 225, 123, 449
MD, 225, 123, 8
MD, 226, 124, 8
MD, 226, 124, 7
MD, 228, 124, 7
MD, 230, 124, 7
MD, 231, 124, 7
MD, 232, 124, 7
MD, 233, 124, 8
MD, 234, 124, 7
MD, 234, 124, 7
MD, 235, 124, 8
MD, 236, 124, 6
MD, 237, 124, 8
MD, 237, 124, 7
MD, 238, 124, 37
MD, 238, 124, 7
MD, 239, 124, 7
MD, 240, 124, 8
MD, 243, 124, 7
MD, 244, 123, 7
MD, 246, 122, 7
MD, 247, 122, 8
MD, 248, 122, 7
MD, 249, 122, 7
MD, 249, 122, 8
MD, 250, 122, 7
MD, 251, 122, 7
MD, 251, 122, 7
MR, 1, 108
MP, 1, 276
MR, 1, 216
MC, 1, 0
MM, 249, 122, 409
MM, 246, 121, 8
MM, 243, 120, 7
MM, 241, 120, 8
MM, 239, 120, 7
MM, 237, 120, 7
MM, 236, 120, 7
MM, 234, 120, 8
MM, 234, 120, 7
MM, 233, 120, 7
MM, 233, 120, 8
MM, 231, 120, 7
MM, 231, 120, 7
MM, 230, 120, 7
MM, 230, 120, 8
MM, 229, 120, 7
MM, 229, 120, 7
MM, 228, 120, 7
MM, 227, 120, 7
MM, 227, 120, 8
MM, 226, 120, 232
MM, 226, 120, 29
MM, 227, 120, 407
MM, 229, 120, 7
MM, 233, 120, 7
MM, 235, 120, 8
MM, 237, 120, 7
MM, 240, 120, 7
MM, 242, 120, 7
MM, 243, 120, 8
MM, 245, 120, 7
MM, 246, 120, 7
MM, 247, 120, 8
MM, 247, 120, 7
MM, 248, 120, 7
MM, 248, 120, 8
MM, 249, 120, 7
MM, 249, 120, 7
MP, 1, 522
MD, 251, 121, 255
MD, 255, 122, 8
MD, 260, 124, 12
MD, 265, 126, 4
MD, 270, 129, 5
MD, 273, 130, 8
MD, 276, 132, 7
MD, 278, 133, 7
MD, 280, 134, 7
MD, 281, 135, 8
MD, 283, 136, 7
MD, 284, 137, 7
MD, 284, 138, 8
MD, 285, 138, 7
MD, 286, 139, 7
MD, 286, 139, 8
MD, 287, 140, 6
MD, 287, 140, 8
MD, 288, 141, 14
MD, 289, 142, 7
MD, 290, 143, 8
MD, 290, 143, 7
MD, 291, 144, 7
MD, 292, 145, 8
MD, 292, 145, 7
MD, 292, 146, 7
MD, 293, 146, 7
MD, 293, 147, 7
MD, 293, 148, 8
MD, 293, 149, 29
MD, 293, 149, 29
MD, 293, 150, 21
MD, 293, 150, 30
MD, 293, 151, 43
MD, 293, 151, 22
MD, 294, 152, 7
MD, 294, 153, 8
MD, 296, 154, 7
MD, 296, 154, 6
MD, 297, 155, 8
MD, 297, 156, 8
MD, 298, 156, 7
MD, 299, 157, 7
MD, 299, 157, 8
MD, 299, 158, 7
MD, 299, 158, 7
MD, 299, 159, 7
MD, 299, 160, 21
MD, 300, 161, 16
MD, 300, 161, 7
MD, 302, 162, 7
MD, 302, 163, 7
MD, 303, 164, 8
MD, 304, 165, 7
MD, 306, 167, 7
MD, 306, 169, 8
MD, 309, 170, 7
MD, 310, 172, 7
MD, 311, 174, 6
MD, 313, 175, 8
MD, 314, 177, 8
MD, 316, 178, 7
MD, 316, 180, 7
MD, 317, 181, 8
MD, 318, 182, 7
MD, 318, 182, 7
MD, 319, 183, 7
MD, 319, 183, 8
MD, 319, 184, 7
MD, 319, 184, 7
MD, 319, 185, 7
MD, 320, 186, 8
MD, 320, 187, 7
MD, 321, 187, 14
MD, 322, 187, 15
MD, 322, 187, 7
MD, 323, 187, 7
MD, 324, 187, 8
MD, 325, 187, 7
MD, 327, 187, 7
MD, 329, 187, 8
MD, 330, 187, 7
MD, 331, 187, 7
MD, 331, 187, 7
MD, 332, 187, 8
MD, 332, 187, 7
MD, 333, 187, 6
MD, 335, 187, 8
MD, 336, 187, 7
MD, 338, 187, 8
MD, 340, 187, 7
MD, 342, 187, 7
MD, 344, 187, 8
MD, 345, 186, 7
MD, 347, 186, 7
MD, 350, 185, 7
MD, 353, 184, 8
MD, 354, 183, 7
MD, 356, 183, 7
MD, 358, 182, 7
MD, 358, 182, 8
MD, 359, 182, 7
MD, 359, 182, 7
MD, 360, 182, 8
MD, 360, 182, 8
MR, 1, 136
MM, 360, 181, 750
MM, 359, 181, 7
MM, 357, 180, 6
MM, 356, 179, 8
MM, 354, 179, 7
MM, 352, 178, 8
MM, 350, 177, 7
MM, 349, 177, 7
MM, 347, 175, 8
MM, 345, 174, 7
MM, 344, 174, 7
MM, 343, 173, 8
MM, 341, 172, 7
MM, 339, 170, 7
MM, 338, 169, 7
MM, 336, 166, 8
MM, 335, 165, 7
MM, 332, 163, 7
MM, 331, 162, 7
MM, 329, 160, 7
MM, 328, 158, 7
MM, 327, 157, 8
MM, 324, 155, 7
MM, 323, 154, 7
MM, 322, 153, 8
MM, 320, 152, 7
MM, 319, 151, 7
MM, 317, 151, 7
MM, 317, 150, 8
MM, 316, 149, 7
MM, 316, 149, 7
MM, 315, 148, 7
MM, 315, 148, 7
MM, 314, 148, 8
MM, 313, 148, 7
MM, 313, 147, 44
MM, 313, 146, 7
MM, 313, 145, 8
MM, 313, 145, 7
MM, 313, 144, 7
MM, 313, 142, 8
MM, 313, 141, 7
MM, 313, 139, 7
MM, 313, 138, 7
MM, 313, 136, 8
MM, 313, 135, 7
MM, 313, 133, 7
MM, 313, 132, 7
MM, 313, 130, 8
MM, 313, 129, 7
MM, 313, 128, 7
MM, 313, 128, 7
MM, 314, 127, 7
MM, 314, 125, 8
MM, 315, 124, 7
MM, 316, 123, 8
MM, 316, 121, 7
MM, 317, 119, 7
MM, 319, 118, 7
MM, 320, 117, 7
MM, 321, 116, 8
MM, 323, 115, 7
MM, 323, 115, 8
MM, 324, 114, 6
MM, 325, 113, 8
MM, 326, 112, 7
MM, 326, 112, 8
MM, 327, 111, 7
MM, 327, 111, 7
MM, 328, 111, 7
MM, 329, 111, 7
MM, 330, 111, 8
MM, 332, 111, 7
MM, 333, 111, 7
MM, 334, 111, 7
MM, 336, 111, 8
MM, 337, 111, 7
MM, 339, 111, 7
MM, 340, 111, 8
MM, 342, 111, 7
MM, 343, 111, 7
MM, 344, 111, 8
MM, 344, 112, 7
MM, 345, 112, 7
MM, 346, 112, 7
MM, 347, 112, 7
MM, 347, 112, 7
MM, 348, 112, 8
MM, 348, 112, 7
MM, 349, 112, 14
MM, 349, 112, 22
MM, 349, 112, 37
MM, 349, 113, 22
MM, 350, 113, 14
MM, 351, 113, 37
MM, 352, 114, 22
MM, 352, 114, 6
MM, 353, 114, 7
MM, 353, 114, 8
MM, 355, 115, 7
MM, 356, 115, 7
MM, 358, 115, 8
MM, 359, 115, 7
MM, 361, 115, 7
MM, 363, 115, 7
MM, 364, 115, 8
MM, 365, 115, 7
MM, 365, 115, 7
MM, 366, 115, 7
MM, 366, 116, 8
MM, 367, 116, 7
MM, 368, 116, 7
MM, 369, 116, 7
MM, 369, 116, 437
MM, 369, 116, 7
MM, 368, 116, 7
MM, 368, 116, 7
MM, 367, 116, 7
MM, 366, 116, 8
MM, 366, 116, 7
MM, 365, 116, 8
MM, 365, 116, 7
MM, 364, 115, 7
MM, 364, 115, 7
MM, 363, 115, 7
MM, 362, 115, 8
MM, 362, 115, 7
MM, 361, 115, 7
MM, 361, 115, 8
MM, 360, 115, 7
MM, 359, 115, 7
MM, 358, 115, 7
MM, 358, 115, 7
MM, 357, 115, 7
MM, 357, 115, 8
MM, 356, 115, 36
MM, 356, 115, 30
MM, 355, 115, 22
MM, 354, 115, 15
MM, 353, 115, 21
MM, 353, 115, 21
MP, 1, 603
MD, 351, 114, 255
MD, 348, 114, 7
MD, 344, 113, 7
MD, 341, 112, 7
MD, 337, 111, 8
MD, 335, 111, 7
MD, 333, 110, 8
MD, 330, 109, 7
MD, 327, 108, 7
MD, 325, 107, 7
MD, 323, 106, 6
MD, 320, 106, 8
MD, 319, 106, 8
MD, 317, 106, 7
MD, 316, 106, 7
MD, 314, 106, 7
MD, 313, 106, 7
MD, 311, 106, 8
MD, 310, 106, 7
MD, 309, 106, 7
MD, 307, 106, 8
MD, 305, 106, 6
MD, 304, 106, 8
MD, 303, 106, 7
MD, 301, 106, 7
MD, 299, 106, 8
MD, 298, 106, 7
MD, 297, 106, 7
MD, 296, 106, 8
MD, 293, 106, 7
MD, 293, 106, 7
MD, 292, 106, 8
MD, 292, 106, 7
MD, 291, 106, 7
MD, 291, 106, 7
MD, 290, 106, 8
MD, 289, 106, 6
MD, 288, 106, 8
MD, 288, 106, 7
MD, 287, 106, 8
MD, 286, 106, 7
MD, 286, 106, 7
MD, 285, 106, 8
MD, 284, 106, 7
MD, 282, 106, 7
MD, 281, 106, 7
MD, 279, 106, 8
MD, 278, 106, 7
MD, 277, 106, 7
MD, 275, 106, 8
MD, 273, 106, 7
MD, 273, 106, 7
MD, 272, 106, 7
MD, 270, 106, 8
MD, 268, 106, 8
MD, 267, 106, 7
MD, 266, 106, 12
MD, 264, 106, 5
MD, 262, 106, 4
MD, 261, 106, 7
MD, 260, 106, 7
MD, 258, 106, 9
MD, 257, 106, 6
MD, 255, 106, 7
MD, 254, 106, 7
MD, 254, 106, 7
MD, 253, 106, 8
MD, 253, 106, 7
MD, 252, 106, 7
MD, 252, 106, 8
MD, 251, 106, 7
MD, 251, 106, 7
MD, 249, 106, 7
MD, 249, 106, 8
MD, 248, 106, 7
MD, 248, 106, 7
MD, 247, 106, 7
MD, 246, 106, 8
MD, 246, 106, 6
MD, 245, 106, 8
MD, 245, 106, 7
MD, 244, 106, 8
MD, 243, 106, 7
MD, 242, 106, 7
MD, 242, 106, 8
MD, 241, 106, 7
MD, 241, 106, 8
MD, 240, 106, 6
MD, 240, 106, 255
MD, 240, 106, 7
MD, 241, 106, 7
MD, 241, 106, 7
MD, 242, 106, 8
MD, 243, 107, 7
MD, 243, 107, 8
MD, 245, 108, 6
MD, 246, 109, 8
MD, 249, 109, 7
MD, 251, 110, 8
MD, 253, 111, 6
MD, 254, 112, 8
MD, 256, 112, 7
MD, 257, 112, 7
MD, 258, 113, 8
MD, 258, 113, 7
MD, 259, 113, 7
MD, 260, 113, 7
MD, 261, 113, 8
MD, 261, 113, 7
MR, 1, 436
MM, 259, 113, 414
MM, 253, 113, 8
MM, 249, 113, 7
MM, 244, 113, 7
MM, 239, 113, 7
MM, 234, 113, 8
MM, 231, 113, 7
MM, 227, 113, 8
MM, 224, 113, 7
MM, 220, 113, 6
MM, 218, 113, 8
MM, 216, 114, 7
MM, 214, 114, 7
MM, 211, 114, 8
MM, 210, 114, 7
MM, 209, 114, 7
MM, 208, 114, 8
MM, 205, 115, 7
MM, 205, 115, 7
MM, 204, 115, 7
MM, 204, 115, 8
MM, 203, 115, 7
MM, 203, 115, 7
MM, 202, 115, 8
MM, 201, 115, 7
MM, 201, 115, 7
MM, 200, 116, 7
MM, 200, 116, 22
MM, 200, 117, 7
MM, 200, 117, 8
MM, 200, 118, 6
MM, 200, 119, 8
MM, 200, 120, 7
MM, 201, 120, 8
MM, 202, 121, 7
MM, 204, 122, 7
MM, 208, 123, 7
MM, 213, 125, 8
MM, 219, 128, 7
MM, 224, 129, 7
MM, 231, 130, 7
MM, 238, 131, 7
MM, 242, 132, 8
MM, 247, 133, 7
MM, 250, 134, 7
MM, 252, 134, 8
MM, 254, 136, 7
MM, 256, 137, 7
MM, 257, 137, 7
MM, 257, 137, 8
MM, 258, 137, 7
MM, 259, 137, 7
MM, 259, 137, 8
MM, 261, 137, 7
MM, 262, 137, 7
MM, 263, 137, 7
MM, 265, 137, 8
MM, 267, 135, 7
MM, 269, 135, 7
MM, 271, 135, 7
MM, 273, 135, 8
MM, 273, 135, 7
MM, 274, 135, 7
MM, 274, 135, 8
MM, 275, 135, 7
MM, 276, 135, 7
MM, 276, 135, 7
MM, 276, 134, 88
MM, 277, 133, 7
MM, 277, 133, 7
MM, 277, 132, 7
MM, 279, 131, 7
MM, 279, 131, 8
MM, 279, 129, 7
MM, 279, 128, 7
MM, 279, 127, 7
MM, 279, 127, 8
MM, 279, 126, 7
MM, 279, 126, 7
MM, 279, 125, 8
MM, 279, 125, 6
MM, 279, 123, 8
MM, 279, 123, 7
MM, 279, 122, 7
MM, 279, 122, 8
MM, 279, 121, 36
MM, 279, 121, 80
MM, 279, 120, 29
MM, 279, 120, 43
MM, 280, 120, 22
MM, 280, 120, 283
MM, 281, 120, 8
MM, 281, 120, 7
MM, 282, 120, 7
MM, 283, 120, 15
MM, 283, 120, 7
MM, 284, 120, 14
MM, 284, 120, 22
MM, 285, 120, 22
MM, 286, 120, 22
MM, 287, 120, 28
MM, 287, 120, 23
MM, 288, 120, 21
MM, 288, 120, 22
MM, 289, 120, 29
MM, 289, 120, 22
MM, 290, 120, 14
MM, 291, 120, 22
MM, 292, 120, 15
MM, 292, 120, 29
MM, 293, 120, 15
MM, 294, 120, 7
MM, 294, 120, 7
MM, 295, 120, 7
MM, 295, 119, 7
MM, 296, 119, 8
MM, 297, 118, 7
MM, 299, 116, 7
MM, 300, 115, 8
MM, 301, 113, 7
MM, 302, 111, 7
MM, 303, 110, 8
MM, 303, 108, 7
MM, 305, 107, 7
MM, 306, 105, 7
MM, 306, 104, 8
MM, 306, 103, 7
MM, 306, 102, 7
MM, 306, 102, 7
MM, 306, 101, 8
MM, 306, 101, 7
MM, 306, 101, 240
MM, 306, 101, 28
MM, 306, 101, 270
MM, 306, 102, 7
MM, 305, 103, 7
MM, 305, 103, 8
MM, 305, 104, 7
MM, 304, 104, 7
MM, 304, 104, 7
MM, 304, 105, 8
MM, 304, 105, 6
MM, 303, 107, 8
MM, 303, 107, 14
MM, 303, 108, 7
MM, 303, 108, 8
MM, 302, 108, 8
MM, 302, 109, 14
MM, 301, 109, 8
MM, 300, 110, 21
MM, 300, 110, 15
MM, 300, 110, 7
MM, 299, 110, 15
MM, 299, 111, 6
MM, 298, 111, 15
MM, 298, 112, 22
MM, 298, 112, 7
MM, 298, 112, 7
MM, 298, 113, 15
MM, 297, 113, 7
MM, 297, 113, 7
MM, 297, 114, 30
MM, 297, 114, 14
MP, 1, 602
MD, 297, 116, 270
MD, 297, 118, 7
MD, 297, 121, 7
MD, 296, 123, 8
MD, 296, 125, 6
MD, 295, 129, 8
MD, 295, 131, 8
MD, 295, 133, 7
MD, 295, 136, 8
MD, 294, 138, 6
MD, 294, 140, 7
MD, 294, 143, 8
MD, 293, 145, 7
MD, 293, 147, 7
MD, 292, 149, 8
MD, 292, 152, 7
MD, 292, 153, 7
MD, 292, 154, 7
MD, 292, 156, 7
MD, 292, 158, 8
MD, 292, 159, 7
MD, 292, 160, 7
MD, 292, 162, 8
MD, 292, 162, 7
MD, 292, 163, 7
MD, 292, 164, 7
MD, 292, 165, 8
MD, 292, 165, 7
MD, 291, 166, 7
MD, 291, 166, 8
MD, 291, 167, 7
MD, 291, 168, 7
MD, 291, 168, 7
MD, 290, 169, 7
MD, 290, 170, 8
MD, 290, 171, 7
MD, 290, 171, 7
MD, 290, 172, 7
MD, 290, 172, 8
MD, 289, 173, 7
MD, 289, 173, 7
MD, 289, 174, 7
MD, 289, 175, 8
MD, 289, 176, 7
MD, 289, 176, 7
MD, 289, 177, 7
MD, 289, 177, 8
MD, 289, 178, 7
MD, 289, 179, 8
MD, 289, 179, 7
MD, 289, 180, 7
MD, 289, 180, 7
MD, 289, 181, 7
MD, 289, 182, 7
MD, 289, 183, 8
MD, 289, 183, 6
MD, 289, 184, 8
MD, 289, 184, 7
MD, 289, 185, 8
MD, 289, 186, 7
MD, 289, 186, 7
MD, 289, 187, 7
MD, 289, 188, 8
MD, 289, 188, 7
MD, 289, 189, 7
MD, 289, 190, 7
MD, 289, 190, 7
MD, 289, 191, 8
MD, 289, 191, 7
MD, 289, 192, 37
MD, 289, 192, 14
MD, 289, 194, 7
MD, 289, 194, 8
MD, 289, 195, 7
MD, 289, 195, 7
MD, 289, 196, 7
MD, 289, 196, 8
MD, 289, 197, 7
MD, 289, 198, 7
MD, 289, 198, 7
MD, 289, 199, 7
MD, 289, 200, 8
MD, 289, 201, 7
MD, 289, 201, 8
MD, 289, 202, 6
MD, 289, 202, 23
MD, 289, 203, 7
MD, 289, 203, 7
MD, 288, 204, 8
MD, 288, 205, 7
MD, 288, 206, 7
MD, 288, 206, 7
MD, 288, 207, 8
MD, 288, 207, 7
MD, 287, 208, 8
MD, 287, 209, 7
MD, 286, 209, 7
MD, 286, 210, 7
MD, 286, 211, 7
MD, 286, 211, 8
MD, 286, 212, 7
MD, 286, 213, 7
MD, 286, 214, 8
MD, 286, 214, 7
MD, 286, 215, 7
MD, 285, 216, 8
MD, 285, 217, 7
MD, 285, 217, 7
MD, 285, 218, 7
MD, 285, 218, 7
MD, 285, 219, 8
MD, 285, 220, 6
MD, 285, 220, 8
MD, 284, 221, 7
MD, 284, 221, 7
MD, 284, 223, 8
MD, 284, 223, 7
MD, 284, 224, 7
MD, 283, 224, 7
MD, 283, 225, 7
MD, 283, 225, 8
MD, 283, 226, 7
MD, 283, 227, 7
MD, 283, 227, 8
MD, 283, 228, 7
MD, 283, 229, 7
MD, 283, 229, 7
MD, 283, 230, 8
MD, 283, 231, 7
MD, 283, 231, 124
MD, 283, 230, 7
MD, 283, 229, 7
MD, 283, 226, 8
MD, 283, 223, 7
MD, 283, 218, 7
MD, 282, 212, 7
MD, 282, 204, 7
MD, 281, 195, 8
MD, 280, 186, 7
MD, 280, 176, 7
MD, 279, 168, 7
MD, 279, 159, 8
MD, 278, 152, 7
MD, 278, 145, 7
MD, 278, 138, 8
MD, 278, 134, 7
MD, 278, 130, 7
MD, 278, 127, 7
MD, 278, 125, 8
MD, 278, 122, 7
MD, 278, 121, 7
MD, 278, 119, 7
MD, 278, 119, 8
MD, 278, 118, 7
MD, 278, 118, 7
MD, 278, 117, 8
MD, 278, 116, 7
MD, 278, 115, 73
MD, 278, 115, 14
MD, 278, 114, 7
MD, 278, 114, 8
MD, 279, 113, 6
MD, 281, 112, 8
MD, 284, 112, 7
MD, 286, 111, 8
MD, 289, 109, 7
MD, 292, 109, 7
MD, 293, 109, 8
MD, 294, 109, 6
MD, 295, 109, 8
MD, 297, 109, 7
MD, 297, 109, 7
MD, 298, 109, 8
MD, 298, 109, 7
MD, 299, 109, 8
MD, 300, 109, 7
MD, 300, 109, 7
MD, 301, 109, 7
MD, 302, 109, 7
MD, 303, 109, 8
MD, 303, 109, 14
MR, 1, 174
MM, 305, 109, 342
MM, 306, 110, 7
MM, 308, 110, 8
MM, 308, 111, 7
MM, 310, 112, 7
MM, 310, 112, 7
MM, 311, 112, 8
MM, 311, 112, 7
MM, 312, 112, 7
MM, 312, 113, 51
MM, 313, 113, 14
MM, 313, 113, 8
MM, 314, 113, 14
MM, 314, 115, 29
MM, 315, 115, 7
MM, 316, 115, 8
MM, 317, 116, 7
MM, 317, 116, 8
MM, 318, 116, 6
MP, 1, 393
MR, 1, 225
MC, 1, 0
MP, 1, 1
MD, 318, 117, 355
MD, 319, 118, 7
MD, 320, 120, 7
MD, 321, 123, 8
MD, 321, 125, 7
MD, 322, 126, 8
MD, 323, 128, 7
MD, 323, 130, 7
MD, 324, 131, 7
MD, 324, 132, 8
MD, 324, 134, 7
MD, 324, 135, 7
MD, 324, 136, 8
MD, 324, 137, 7
MD, 324, 137, 7
MD, 324, 138, 8
MD, 324, 139, 6
MD, 324, 139, 7
MD, 324, 140, 8
MD, 324, 140, 7
MD, 324, 141, 7
MD, 324, 141, 8
MD, 324, 143, 7
MD, 324, 143, 7
MD, 324, 144, 7
MD, 324, 144, 8
MD, 324, 145, 7
MD, 324, 145, 22
MD, 324, 146, 29
MD, 324, 147, 8
MD, 324, 147, 6
MD, 324, 148, 8
MD, 324, 149, 7
MD, 324, 150, 58
MR, 1, 254
MM, 320, 149, 407
MM, 313, 147, 7
MM, 305, 145, 7
MM, 298, 143, 8
MM, 288, 140, 7
MM, 280, 138, 7
MM, 272, 136, 8
MM, 265, 134, 7
MM, 258, 132, 7
MM, 251, 128, 7
MM, 240, 125, 15
MM, 236, 123, 7
MM, 231, 120, 8
MM, 227, 118, 6
MM, 222, 117, 8
MM, 219, 115, 7
MM, 214, 113, 7
MM, 211, 111, 8
MM, 208, 111, 7
MM, 206, 110, 8
MM, 204, 109, 7
MM, 201, 108, 7
MM, 198, 108, 7
MM, 197, 107, 7
MM, 196, 106, 8
MM, 193, 106, 7
MM, 192, 104, 7
MM, 191, 103, 8
MM, 189, 103, 6
MM, 188, 102, 8
MM, 186, 102, 8
MM, 184, 102, 6
MM, 183, 102, 8
MM, 182, 102, 7
MM, 181, 102, 8
MM, 181, 102, 6
MM, 180, 102, 8
MM, 179, 102, 8
MM, 178, 102, 7
MM, 178, 102, 7
MM, 177, 102, 7
MM, 177, 102, 7
MM, 175, 102, 8
MM, 174, 102, 7
MM, 172, 102, 7
MM, 171, 102, 8
MM, 169, 102, 7
MM, 169, 103, 7
MM, 167, 104, 7
MM, 166, 105, 8
MM, 165, 106, 7
MM, 163, 106, 7
MM, 162, 107, 7
MM, 161, 108, 8
MM, 158, 108, 7
MM, 157, 109, 7
MM, 156, 110, 7
MM, 154, 111, 8
MM, 152, 112, 7
MM, 151, 113, 7
MM, 148, 114, 8
MM, 147, 115, 7
MM, 145, 116, 7
MM, 144, 116, 8
MM, 142, 117, 7
MM, 141, 118, 7
MM, 139, 119, 7
MM, 137, 120, 7
MM, 136, 120, 7
MM, 134, 121, 7
MM, 133, 122, 7
MM, 133, 122, 8
MM, 131, 123, 7
MM, 131, 124, 8
MM, 130, 125, 7
MM, 129, 126, 7
MM, 127, 126, 7
MM, 126, 127, 7
MM, 124, 128, 8
MM, 122, 128, 7
MM, 121, 129, 7
MM, 120, 130, 7
MM, 118, 130, 7
MM, 116, 131, 8
MM, 115, 133, 7
MM, 114, 133, 7
MM, 114, 133, 8
MM, 112, 133, 7
MM, 111, 133, 7
MM, 111, 133, 8
MM, 110, 133, 7
MM, 109, 133, 7
MM, 109, 133, 8
MM, 108, 133, 7
MM, 108, 133, 7
MM, 107, 133, 8
MM, 106, 132, 6
MM, 106, 132, 8
MM, 105, 132, 7
MM, 104, 131, 8
MM, 104, 131, 6
MM, 103, 131, 7
MM, 102, 131, 8
MM, 102, 131, 7
MP, 1, 247
MD, 102, 130, 305
MR, 1, 7
MP, 1, 305
MR, 1, 216
MC, 1, 0
MM, 107, 129, 228
MM, 115, 128, 7
MM, 124, 127, 8
MM, 130, 126, 7
MM, 136, 125, 7
MM, 142, 124, 7
MM, 146, 123, 8
MM, 152, 123, 7
MM, 155, 121, 7
MM, 158, 120, 7
MM, 159, 119, 8
MM, 163, 118, 7
MM, 166, 116, 7
MM, 167, 115, 7
MM, 169, 115, 6
MM, 170, 113, 8
MM, 172, 111, 8
MM, 173, 110, 7
MP, 1, 342
MR, 1, 214
MC, 1, 0
MM, 178, 112, 360
MM, 186, 115, 7
MM, 193, 117, 8
MM, 199, 120, 7
MM, 206, 122, 7
MM, 210, 124, 7
MM, 216, 125, 8
MM, 219, 125, 7
MM, 223, 125, 7
MM, 225, 125, 8
MM, 227, 125, 7
MM, 230, 125, 7
MM, 233, 125, 7
MM, 235, 125, 8
MM, 237, 124, 7
MM, 238, 124, 7
MM, 239, 123, 8
MM, 240, 122, 7
MM, 240, 122, 7
MM, 241, 121, 7
MM, 241, 120, 7
MM, 243, 120, 7
MP, 1, 284
MR, 1, 216
MC, 1, 0
MM, 247, 120, 184
MM, 252, 120, 7
MM, 255, 120, 7
MM, 259, 120, 8
MM, 261, 120, 7
MM, 263, 119, 7
MM, 266, 119, 7
MM, 268, 119, 8
MM, 270, 118, 7
MM, 271, 117, 7
MM, 273, 117, 6
MM, 274, 117, 8
MM, 274, 117, 8
MM, 277, 118, 305
MM, 283, 119, 7
MM, 288, 122, 8
MM, 295, 125, 7
MM, 301, 127, 7
MM, 309, 129, 8
MM, 317, 131, 7
MM, 325, 133, 7
MM, 332, 135, 7
MM, 341, 136, 7
MM, 349, 137, 7
MM, 357, 139, 8
MM, 364, 139, 7
MM, 370, 139, 7
MM, 377, 139, 7
MM, 381, 139, 8
MM, 387, 139, 7
MM, 390, 139, 7
MM, 393, 139, 8
MM, 395, 139, 7
MM, 396, 139, 7
MM, 397, 139, 7
MM, 399, 139, 8
MM, 399, 139, 7
MM, 400, 139, 7
MM, 400, 139, 7
MM, 401, 139, 8
MM, 401, 141, 559
MM, 399, 147, 8
MM, 396, 153, 7
MM, 392, 160, 7
MM, 388, 169, 7
MM, 384, 178, 8
MM, 379, 187, 7
MM, 374, 198, 7
MM, 369, 209, 7
MM, 365, 219, 8
MM, 362, 230, 7
MM, 360, 237, 7
MM, 356, 248, 8
MM, 354, 257, 6
MM, 352, 262, 7
MM, 350, 271, 8
MM, 348, 277, 7
MM, 349, 259, 357
MM, 354, 228, 8
MWM, 354, 228, 1, 3, 1, 28
MWM, 354, 228, 0, 3, 1, 8
MWM, 354, 228, 0, 3, 1, 7
MWM, 354, 228, 0, 3, 1, 7
MWM, 354, 228, 0, 3, 1, 8
MWM, 354, 228, 0, 3, 1, 6
MWM, 354, 228, 0, 3, 1, 8
MWM, 354, 228, 0, 3, 1, 7
MWM, 354, 228, 0, 3, 1, 8
MWM, 354, 228, 0, 3, 1, 7
MWM, 354, 228, 0, 3, 1, 7
MWM, 354, 228, 0, 3, 1, 7
MWM, 354, 228, 0, 3, 1, 7
MWM, 354, 228, 0, 3, 1, 7
MWM, 354, 228, 0, 3, 1, 7
MWM, 354, 228, 0, 3, 1, 8
MWM, 354, 228, 0, 3, 1, 8
MWM, 354, 228, 0, 3, 1, 399
MWM, 354, 228, 0, 3, 1, 7
MWM, 354, 228, 0, 3, 1, 7
MWM, 354, 228, 0, 3, 1, 8
MWM, 354, 228, 0, 3, 1, 7
MWM, 354, 228, 0, 3, 1, 7
MWM, 354, 228, 0, 3, 1, 7
MWM, 354, 228, 0, 3, 1, 7
MWM, 354, 228, 0, 3, 1, 8
MWM, 354, 228, 0, 3, 1, 8
MWM, 354, 228, 0, 3, 1, 7
MWM, 354, 228, 0, 3, 1, 7
MWM, 354, 228, 0, 3, 1, 7
MWM, 354, 228, 0, 3, 1, 7
MWM, 354, 228, 0, 3, 1, 7
MWM, 354, 228, 0, 3, 1, 8
MM, 351, 234, 335
MM, 347, 243, 6
MM, 342, 251, 8
MM, 337, 260, 7
MM, 332, 267, 7
MM, 328, 275, 7
MM, 322, 284, 7
MM, 319, 292, 8
MM, 316, 298, 7
MM, 315, 303, 7
MM, 310, 311, 7
MM, 308, 316, 8
MM, 307, 318, 6
MM, 306, 321, 8
MWM, 306, 321, 0, 3, 1, 314
MWM, 306, 321, 0, 3, 1, 6
MWM, 306, 321, 0, 3, 1, 7
MWM, 306, 321, 0, 3, 1, 8
MWM, 306, 321, 0, 3, 1, 6
MWM, 306, 321, 0, 3, 1, 7
MWM, 306, 321, 0, 3, 1, 7
MWM, 306, 321, 0, 3, 1, 7
MWM, 306, 321, 0, 3, 1, 15
MWM, 306, 321, 1, 3, 1, 19
MWM, 306, 321, 0, 3, 1, 16
MWM, 306, 321, 0, 3, 1, 17
MWM, 306, 321, 0, 3, 1, 17
MWM, 306, 321, 0, 3, 1, 15
MWM, 306, 321, 0, 3, 1, 10
MWM, 306, 321, 0, 3, 1, 13
MWM, 306, 321, 0, 3, 1, 28
MWM, 306, 321, 0, 3, 1, 13
MWM, 306, 321, 0, 3, 1, 11
MWM, 306, 321, 0, 3, 1, 26
MWM, 306, 321, 0, 3, 1, 4
MWM, 306, 321, 0, 3, 1, 13
MWM, 306, 321, 0, 3, 1, 17
MWM, 306, 321, 0, 3, 1, 16
MWM, 306, 321, 0, 3, 1, 17
MWM, 306, 321, 0, 3, 1, 17
MWM, 306, 321, 0, 3, 1, 14
MWM, 306, 321, 0, 3, 1, 256
MWM, 306, 321, 0, 3, 1, 8
MWM, 306, 321, 0, 3, 1, 7
MWM, 306, 321, 0, 3, 1, 7
MWM, 306, 321, 0, 3, 1, 7
MWM, 306, 321, 0, 3, 1, 6
MWM, 306, 321, 0, 3, 1, 8
MWM, 306, 321, 0, 3, 1, 7
MWM, 306, 321, 0, 3, 1, 19
MWM, 306, 321, 0, 3, 1, 26
MWM, 306, 321, 0, 3, 1, 18
MWM, 306, 321, 0, 3, 1, 4
MWM, 306, 321, 0, 3, 1, 14
MWM, 306, 321, 0, 3, 1, 15
MWM, 306, 321, 0, 3, 1, 17
MWM, 306, 321, 0, 3, 1, 17
MM, 313, 306, 220
MM, 323, 285, 7
MM, 334, 262, 8
MM, 341, 242, 7
MM, 350, 219, 7
MM, 357, 200, 7
MM, 364, 183, 8
MM, 368, 168, 6
MM, 372, 155, 7
MM, 376, 143, 8
MM, 378, 132, 7
MM, 381, 122, 7
MM, 383, 115, 8
MM, 384, 107, 7
MM, 386, 99, 7
MM, 387, 91, 7
MM, 388, 85, 8
MM, 389, 78, 7
MM, 389, 73, 7
MM, 389, 68, 8
MM, 389, 63, 7
MM, 389, 59, 7
MM, 389, 53, 7
MM, 389, 50, 8
MM, 389, 46, 7
MM, 389, 44, 7
MM, 389, 42, 7
MM, 389, 40, 8
MM, 389, 39, 7
MM, 389, 38, 7
MM, 389, 38, 8
MM, 389, 37, 7
MM, 389, 36, 6
MM, 389, 36, 15
MM, 390, 36, 124
MM, 391, 35, 7
MM, 391, 35, 7
MM, 392, 33, 7
MM, 393, 33, 8
MM, 394, 33, 7
MM, 394, 33, 7
MM, 395, 33, 7
MM, 396, 33, 8
MM, 397, 33, 7
MM, 399, 33, 7
MM, 401, 33, 7
MM, 402, 33, 8
MM, 403, 33, 7
MM, 404, 33, 7
MM, 405, 33, 8
MM, 407, 33, 7
MM, 408, 33, 7
MM, 410, 33, 7
MM, 411, 33, 8
MM, 412, 33, 7
MM, 413, 33, 7
MM, 413, 33, 7
MM, 414, 33, 8
MM, 414, 33, 7
MM, 415, 33, 7
MM, 416, 33, 8
MP, 1, 362
MR, 1, 215
MC, 1, 0
MM, 416, 34, 731
MM, 416, 37, 7
MM, 416, 41, 7
MM, 416, 44, 8
MM, 416, 47, 7
MM, 416, 50, 7
MM, 416, 56, 7
MM, 416, 59, 8
MM, 416, 64, 7
MM, 416, 68, 7
MM, 416, 73, 7
MM, 415, 78, 7
MM, 414, 83, 8
MM, 413, 88, 7
MM, 413, 93, 7
MM, 412, 97, 8
MM, 411, 103, 7
MM, 410, 110, 7
MM, 409, 116, 7
MM, 407, 123, 8
MM, 406, 131, 8
MM, 405, 138, 6
MM, 404, 146, 8
MM, 403, 154, 7
MM, 402, 163, 7
MM, 401, 173, 7
MM, 399, 184, 8
MM, 397, 195, 7
MM, 395, 205, 7
MM, 394, 217, 7
MM, 393, 228, 7
MM, 391, 239, 8
MM, 389, 250, 7
MM, 388, 260, 7
MM, 386, 266, 7
MM, 385, 280, 7
MM, 384, 290, 7
MM, 383, 298, 8
MM, 382, 307, 7
MM, 381, 315, 7
MM, 380, 319, 8
MM, 379, 327, 7
MM, 378, 334, 7
MM, 376, 340, 7
MM, 376, 344, 7
MM, 377, 357, 372
MM, 379, 372, 6
MM, 380, 391, 8
MM, 381, 410, 7
MM, 383, 433, 7
MM, 383, 455, 7
MM, 383, 477, 8
MM, 383, 496, 8
MM, 383, 515, 7
MM, 383, 530, 7
MM, 382, 544, 7
MM, 381, 559, 8
MM, 380, 572, 7
MM, 379, 583, 7
MM, 378, 594, 8
MM, 377, 603, 6
MM, 376, 613, 8
MM, 375, 619, 8
MM, 374, 628, 6
MM, 373, 632, 8
MM, 373, 634, 7
MM, 372, 639, 7
MM, 371, 644, 6
MM, 371, 646, 8
MM, 371, 647, 7
MM, 371, 649, 7
MM, 367, 655, 306
MM, 360, 662, 8
MM, 355, 669, 7
MM, 349, 676, 7
MM, 345, 682, 7
MM, 340, 687, 8
MM, 336, 693, 7
MM, 333, 696, 7
MM, 330, 700, 8
MM, 327, 702, 7
MM, 325, 704, 7
MM, 322, 708, 7
MM, 320, 710, 8
MM, 319, 712, 7
MM, 317, 715, 8
MM, 315, 716, 7
MM, 313, 718, 7
MM, 312, 719, 7
MM, 311, 720, 8
MM, 309, 723, 6
MM, 307, 724, 8
MM, 305, 726, 7
MM, 304, 727, 8
MM, 303, 728, 6
MM, 300, 730, 7
MM, 300, 730, 8
MM, 299, 731, 8
MM, 299, 732, 7
MM, 298, 732, 7
MM, 297, 733, 7
MM, 297, 733, 7
MM, 296, 734, 8
MM, 296, 734, 7
MM, 294, 736, 7
MM, 294, 736, 7
MM, 294, 737, 8
MM, 294, 737, 7
MM, 294, 738, 7
MM, 294, 739, 7
MM, 294, 739, 8
MM, 294, 740, 6
MM, 295, 740, 8
MM, 298, 743, 8
MM, 301, 744, 7
MM, 307, 746, 7
MM, 315, 747, 7
MM, 324, 748, 8
MM, 335, 749, 7
MM, 346, 750, 8
MM, 358, 753, 7
MM, 369, 753, 7
MM, 378, 753, 7
MM, 386, 753, 7
MM, 393, 753, 8
MM, 398, 753, 7
MM, 402, 753, 7
MM, 405, 753, 8
MM, 407, 753, 7
MM, 409, 753, 7
MM, 410, 753, 7
MM, 410, 753, 8
MM, 412, 753, 7
MM, 412, 753, 7
MM, 413, 753, 7
MM, 413, 753, 7
MM, 414, 753, 8
MM, 415, 753, 14
MM, 415, 753, 15
MM, 416, 753, 14
MM, 416, 753, 8
MM, 418, 753, 7
MM, 419, 753, 7
MM, 422, 753, 8
MM, 425, 753, 7
MM, 428, 752, 7
MM, 430, 752, 8
MM, 433, 751, 7
MM, 435, 751, 7
MM, 437, 750, 7
MM, 440, 749, 7
MM, 443, 748, 8
MM, 445, 748, 7
MM, 448, 748, 7
MM, 449, 748, 7
MM, 450, 748, 8
MM, 452, 748, 7
MM, 452, 748, 7
MM, 453, 748, 8
MM, 454, 748, 7
MM, 455, 748, 7
MM, 455, 748, 7
MM, 456, 748, 7
MM, 456, 748, 8
MM, 457, 748, 7
MM, 457, 748, 7
MM, 459, 748, 8
MM, 461, 748, 7
MM, 462, 748, 7
MM, 464, 747, 8
MM, 466, 747, 7
MM, 468, 747, 7
MM, 469, 747, 7
MM, 470, 747, 7
MM, 471, 747, 8
MM, 473, 747, 7
MM, 474, 747, 7
MM, 475, 747, 8
MM, 475, 747, 6
MM, 476, 747, 8
MM, 476, 747, 7
MM, 477, 747, 7
MM, 477, 747, 7
MM, 478, 747, 15
MM, 479, 747, 7
MM, 480, 747, 7
MM, 480, 747, 8
MM, 481, 746, 7
MM, 482, 746, 7
MM, 483, 745, 7
MM, 487, 744, 8
MM, 489, 743, 7
MM, 491, 743, 7
MM, 492, 742, 8
MM, 494, 742, 6
MM, 496, 742, 8
MM, 497, 742, 7
MM, 498, 742, 8
MM, 499, 742, 7
MM, 500, 742, 7
MM, 501, 742, 7
MM, 501, 742, 7
MM, 502, 742, 8
MM, 502, 742, 7
MP, 1, 350
MR, 1, 215
MC, 1, 0
MM, 504, 731, 590
MM, 508, 712, 7
MM, 513, 688, 8
MM, 519, 662, 8
MM, 525, 637, 6
MM, 531, 613, 7
MM, 535, 595, 8
MM, 539, 576, 7
MM, 541, 558, 8
MM, 545, 546, 7
MM, 546, 535, 7
MM, 547, 527, 8
MM, 548, 520, 6
MM, 549, 515, 8
MM, 550, 512, 7
MM, 550, 508, 8
MM, 550, 506, 7
MM, 550, 505, 7
MM, 550, 503, 7
MM, 550, 502, 8
MM, 550, 502, 7
MM, 550, 501, 7
MM, 550, 501, 8
MM, 550, 500, 7
MM, 551, 492, 719
MM, 552, 481, 7
MM, 554, 469, 7
MM, 557, 458, 8
MM, 559, 447, 7
MM, 562, 436, 7
MM, 564, 427, 8
MM, 566, 419, 7
MM, 568, 410, 7
MM, 569, 402, 7
MM, 571, 395, 8
MM, 572, 391, 7
MM, 573, 385, 7
MM, 574, 382, 7
MM, 575, 380, 7
MM, 575, 377, 8
MM, 575, 375, 7
MM, 575, 375, 7
MM, 575, 374, 8
MM, 575, 374, 6
MM, 575, 373, 8
MM, 575, 373, 8
MM, 575, 371, 7
MWM, 575, 371, 0, 3, 1, 632
MWM, 575, 371, 0, 3, 1, 8
MWM, 575, 371, 0, 3, 1, 7
MWM, 575, 371, 0, 3, 1, 7
MWM, 575, 371, 0, 3, 1, 8
MWM, 575, 371, 0, 3, 1, 7
MWM, 575, 371, 0, 3, 1, 7
MWM, 575, 371, 0, 3, 1, 7
MWM, 575, 371, 0, 3, 1, 8
MWM, 575, 371, 0, 3, 1, 7
MWM, 575, 371, 0, 3, 1, 7
MWM, 575, 371, 0, 3, 1, 7
MWM, 575, 371, 0, 3, 1, 8
MWM, 575, 371, 0, 3, 1, 7
MWM, 575, 371, 0, 3, 1, 14
MWM, 575, 371, 0, 3, 1, 16
MM, 578, 371, 1198
MM, 582, 372, 6
MM, 586, 373, 8
MM, 589, 373, 7
MM, 593, 373, 7
MM, 595, 373, 8
MM, 598, 373, 7
MM, 602, 372, 7
MM, 605, 371, 8
MM, 607, 371, 7
MM, 610, 370, 6
MM, 612, 369, 8
MM, 614, 369, 8
MM, 617, 368, 7
MM, 619, 367, 7
MM, 620, 366, 7
MM, 621, 366, 8
MM, 624, 364, 7
MM, 625, 364, 7
MM, 626, 363, 8
MM, 627, 362, 7
MM, 627, 362, 7
MM, 629, 361, 7
MM, 630, 361, 7
MM, 631, 360, 7
MM, 631, 359, 8
MM, 632, 359, 7
MM, 632, 359, 8
MM, 633, 359, 6
MM, 633, 359, 7
MM, 634, 359, 88
MM, 635, 359, 88
MM, 636, 359, 123
MM, 636, 359, 5092
MM, 637, 359, 22
MM, 637, 359, 15
MM, 639, 359, 7
MM, 639, 359, 7
MM, 640, 359, 8
MM, 642, 359, 7
MM, 644, 359, 7
MM, 647, 359, 8
MM, 649, 358, 7
MM, 653, 357, 7
MM, 656, 356, 7
MM, 662, 355, 7
MM, 667, 354, 7
MM, 674, 352, 7
MM, 683, 350, 8
MM, 690, 346, 7
MM, 700, 343, 7
MM, 711, 337, 7
MM, 722, 333, 8
MM, 733, 329, 7
MM, 744, 323, 7
MM, 755, 320, 8
MM, 766, 315, 7
MM, 776, 312, 7
MM, 784, 310, 7
MM, 791, 308, 7
MM, 798, 305, 8
MM, 804, 303, 7
MM, 808, 301, 7
MM, 813, 299, 8
MM, 815, 299, 7
MM, 817, 296, 7
MM, 820, 296, 7
MM, 822, 295, 8
MM, 823, 294, 7
MM, 825, 294, 7
MM, 826, 293, 7
MM, 827, 292, 8
MM, 828, 292, 6
MM, 828, 292, 7
MM, 829, 292, 8
MM, 830, 292, 7
MP, 1, 1635
MR, 1, 214
