********************************************************************************
LOGGING TIME: 20201012_201958
CLIENT IP: 192.168.1.4
USERNAME: Daiveek Sai P
OS: Windows 10
ARCHITECTURE: amd64
VERSION: 10.0
RESOLUTION: 1536.0 864.0
********************************************************************************
MM, 1921, 1080, 1602026770521
MM, 1924, 1079, 25
MM, 1928, 1079, 0
MM, 1931, 1079, 1
MM, 1940, 1084, 6
MM, 1944, 1087, 2
MM, 1947, 1091, 2
MM, 1951, 1096, 2
MM, 1955, 1104, 0
MM, 1959, 1116, 2
MM, 1964, 1127, 2
MM, 1971, 1142, 2
MM, 1979, 1159, 2
MM, 1987, 1177, 1
MM, 1997, 1199, 2
MM, 2011, 1223, 2
MM, 2025, 1248, 2
MM, 2042, 1280, 2
MM, 2063, 1313, 2
MM, 2087, 1353, 2
MM, 2110, 1393, 2
MM, 2139, 1440, 2
MM, 2169, 1493, 2
MM, 2204, 1547, 2
MM, 2237, 1595, 2
MM, 2267, 1648, 2
MM, 2302, 1702, 2
MM, 2329, 1760, 2
MM, 2362, 1825, 2
MM, 2393, 1884, 2
MM, 2426, 1950, 2
MM, 2460, 2021, 2
MM, 2492, 2086, 2
MM, 2527, 2164, 2
MM, 2561, 2237, 2
MM, 2597, 2243, 2
MM, 2632, 2243, 2
MM, 2668, 2249, 2
MM, 2704, 2249, 2
MM, 2740, 2250, 2
MM, 2777, 2249, 2
MM, 2818, 2250, 2
MM, 2859, 2251, 2
MM, 2899, 2244, 2
MM, 2935, 2249, 2
MM, 2975, 2244, 2
MM, 3020, 2239, 2
MM, 3059, 2237, 2
MM, 3103, 2239, 2
MM, 3142, 2237, 2
MM, 3181, 2232, 2
MM, 3223, 2226, 2
MM, 3265, 2226, 2
MM, 3301, 2220, 2
MM, 3340, 2214, 3
MM, 3374, 2207, 1
MM, 3403, 2206, 2
MM, 3431, 2206, 2
MM, 3459, 2200, 2
MM, 3489, 2195, 2
MM, 3512, 2189, 2
MM, 3535, 2184, 2
MM, 3554, 2181, 2
MM, 3573, 2184, 2
MM, 3592, 2181, 2
MM, 3609, 2180, 2
MM, 3622, 2178, 2
MM, 3635, 2177, 2
MM, 3645, 2174, 2
MM, 3652, 2177, 2
MM, 3660, 2174, 2
MM, 3665, 2173, 2
MM, 3669, 2173, 2
MM, 3674, 2174, 2
MM, 3677, 2173, 2
MM, 3679, 2170, 2
MM, 3679, 2172, 2
MM, 3678, 2170, 2
MM, 3673, 2170, 2
MM, 3667, 2168, 2
MM, 3657, 2168, 2
MM, 3646, 2166, 2
MM, 3635, 2164, 2
MM, 3620, 2164, 2
MM, 3606, 2163, 2
MM, 3595, 2161, 2
MM, 3581, 2159, 2
MM, 3574, 2159, 2
MM, 3568, 2161, 2
MM, 3565, 2159, 2
MM, 3564, 2159, 6
MM, 3564, 2157, 8
MM, 3566, 2156, 6
MM, 3569, 2156, 2
MM, 3570, 2155, 5
MM, 3573, 2153, 1
MM, 3575, 2152, 2
MM, 3578, 2148, 3
MM, 3581, 2147, 1
MM, 3583, 2145, 2
MM, 3586, 2144, 2
MM, 3587, 2142, 3
MM, 3589, 2141, 1
MM, 3588, 2139, 2896
MM, 3587, 2139, 2
MM, 3582, 2138, 2
MM, 3578, 2134, 2
MM, 3573, 2131, 2
MM, 3569, 2127, 2
MM, 3566, 2123, 2
MM, 3562, 2120, 2
MM, 3556, 2114, 2
MM, 3550, 2108, 2
MM, 3544, 2100, 2
MM, 3537, 2085, 2
MM, 3526, 2067, 2
MM, 3513, 2045, 2
MM, 3499, 2024, 2
MM, 3483, 1996, 2
MM, 3469, 1968, 2
MM, 3451, 1932, 2
MM, 3431, 1893, 2
MM, 3411, 1849, 2
MM, 3385, 1797, 2
MM, 3363, 1747, 2
MM, 3337, 1695, 2
MM, 3307, 1642, 2
MM, 3282, 1596, 2
MM, 3257, 1544, 3
MM, 3232, 1499, 1
MM, 3209, 1459, 2
MM, 3180, 1412, 2
MM, 3157, 1372, 2
MM, 3133, 1332, 2
MM, 3110, 1293, 2
MM, 3093, 1260, 2
MM, 3076, 1232, 2
MM, 3059, 1207, 2
MM, 3046, 1183, 2
MM, 3029, 1158, 2
MM, 3016, 1137, 2
MM, 3002, 1115, 2
MM, 2992, 1097, 2
MM, 2979, 1079, 2
MM, 2971, 1064, 2
MM, 2962, 1052, 2
MM, 2955, 1040, 2
MM, 2951, 1032, 2
MM, 2944, 1023, 2
MM, 2942, 1018, 2
MM, 2939, 1012, 2
MM, 2935, 1009, 2
MM, 2933, 1005, 2
MM, 2933, 1004, 6
MM, 2932, 1002, 4
MM, 2932, 1001, 35
MM, 2934, 1001, 2
MM, 2934, 999, 12
MM, 2935, 999, 6
MM, 2935, 998, 10
MM, 2935, 997, 4
MM, 2937, 997, 2
MM, 2938, 995, 2
MM, 2941, 994, 2
MM, 2945, 992, 2
MM, 2948, 988, 2
MM, 2954, 985, 2
MM, 2959, 981, 2
MM, 2968, 975, 2
MM, 2976, 971, 2
MM, 2984, 966, 2
MM, 2996, 959, 2
MM, 3010, 955, 2
MM, 3021, 950, 2
MM, 3036, 945, 2
MM, 3051, 938, 2
MM, 3062, 933, 2
MM, 3076, 931, 2
MM, 3087, 929, 2
MM, 3101, 927, 2
MM, 3112, 924, 2
MM, 3125, 924, 2
MM, 3136, 924, 2
MM, 3150, 928, 2
MM, 3161, 930, 2
MM, 3172, 935, 2
MM, 3184, 942, 2
MM, 3195, 946, 2
MM, 3204, 953, 2
MM, 3215, 960, 2
MM, 3222, 969, 2
MM, 3231, 978, 2
MM, 3238, 986, 2
MM, 3247, 995, 2
MM, 3253, 1004, 2
MM, 3257, 1012, 2
MM, 3261, 1021, 2
MM, 3266, 1032, 2
MM, 3270, 1040, 2
MM, 3274, 1048, 2
MM, 3276, 1056, 2
MM, 3278, 1062, 2
MM, 3280, 1067, 2
MM, 3282, 1073, 2
MM, 3282, 1078, 2
MM, 3282, 1083, 2
MM, 3281, 1089, 2
MM, 3279, 1094, 2
MM, 3277, 1102, 2
MM, 3275, 1107, 2
MM, 3273, 1115, 2
MM, 3271, 1121, 2
MM, 3271, 1126, 2
MM, 3269, 1134, 2
MM, 3268, 1141, 2
MM, 3265, 1152, 2
MM, 3261, 1163, 2
MM, 3259, 1174, 2
MM, 3255, 1183, 2
MM, 3252, 1193, 2
MM, 3250, 1204, 2
MM, 3248, 1215, 2
MM, 3243, 1226, 2
MM, 3239, 1238, 2
MM, 3234, 1249, 2
MM, 3230, 1263, 2
MM, 3225, 1278, 2
MM, 3220, 1292, 2
MM, 3215, 1307, 2
MM, 3208, 1321, 2
MM, 3201, 1333, 2
MM, 3193, 1348, 2
MM, 3186, 1363, 1
MM, 3176, 1375, 2
MM, 3166, 1390, 2
MM, 3157, 1402, 2
MM, 3147, 1417, 2
MM, 3137, 1432, 2
MM, 3124, 1447, 2
MM, 3111, 1465, 2
MM, 3098, 1481, 2
MM, 3085, 1496, 2
MM, 3070, 1512, 2
MM, 3058, 1524, 2
MM, 3045, 1536, 2
MM, 3033, 1548, 2
MM, 3018, 1561, 2
MM, 3002, 1574, 2
MM, 2987, 1587, 2
MM, 2975, 1599, 2
MM, 2960, 1609, 2
MM, 2945, 1619, 2
MM, 2930, 1626, 2
MM, 2915, 1634, 2
MM, 2900, 1641, 2
MM, 2886, 1649, 2
MM, 2871, 1653, 2
MM, 2854, 1658, 2
MM, 2839, 1663, 2
MM, 2825, 1666, 2
MM, 2808, 1668, 2
MM, 2791, 1670, 2
MM, 2774, 1673, 2
MM, 2754, 1673, 2
MM, 2734, 1673, 2
MM, 2713, 1673, 2
MM, 2690, 1673, 2
MM, 2670, 1673, 2
MM, 2649, 1669, 2
MM, 2629, 1664, 2
MM, 2608, 1656, 2
MM, 2587, 1650, 2
MM, 2566, 1643, 2
MM, 2542, 1635, 2
MM, 2517, 1624, 2
MM, 2493, 1613, 2
MM, 2468, 1599, 2
MM, 2444, 1586, 2
MM, 2419, 1572, 2
MM, 2398, 1558, 2
MM, 2373, 1542, 2
MM, 2345, 1525, 2
MM, 2320, 1509, 2
MM, 2298, 1492, 2
MM, 2274, 1473, 2
MM, 2249, 1454, 2
MM, 2227, 1437, 2
MM, 2205, 1421, 2
MM, 2187, 1405, 2
MM, 2168, 1389, 2
MM, 2152, 1374, 2
MM, 2137, 1358, 2
MM, 2124, 1343, 2
MM, 2114, 1328, 2
MM, 2105, 1316, 2
MM, 2095, 1304, 2
MM, 2088, 1292, 2
MM, 2081, 1280, 2
MM, 2076, 1269, 2
MM, 2072, 1261, 2
MM, 2068, 1253, 2
MM, 2064, 1241, 2
MM, 2061, 1227, 2
MP, 1, 2
MD, 2056, 1210, 1
MD, 2054, 1196, 2
MD, 2049, 1181, 1
MD, 2047, 1164, 2
MD, 2044, 1144, 2
MD, 2039, 1123, 2
MD, 2036, 1099, 2
MD, 2034, 1076, 2
MD, 2031, 1052, 2
MD, 2028, 1025, 2
MD, 2028, 999, 2
MD, 2026, 972, 2
MD, 2026, 939, 2
MD, 2026, 906, 2
MD, 2026, 869, 2
MD, 2026, 836, 3
MD, 2027, 800, 1
MD, 2030, 763, 2
MD, 2030, 727, 3
MD, 2033, 685, 1
MD, 2037, 636, 3
MD, 2040, 593, 2
MD, 2043, 536, 2
MD, 2047, 480, 2
MD, 2050, 417, 2
MD, 2058, 359, 2
MD, 2064, 308, 2
MD, 2076, 242, 2
MD, 2087, 183, 2
MD, 2098, 124, 2
MD, 2109, 65, 2
MD, 2120, 12, 2
MD, 2135, -49, 2
MD, 2149, -54, 2
MD, 2164, -54, 2
MD, 2178, -48, 2
MR, 1, 1
MM, 2191, -48, 1
MM, 2208, -43, 2
MM, 2221, -41, 2
MM, 2233, -42, 2
MM, 2246, -41, 2
MM, 2259, -42, 2
MM, 2270, -31, 2
MM, 2279, -30, 2
MM, 2290, -31, 2
MM, 2298, -27, 2
MM, 2306, -31, 2
MM, 2314, -24, 2
MM, 2320, -27, 2
MM, 2325, -24, 2
MM, 2330, -24, 2
MM, 2333, -20, 2
MM, 2335, -21, 2
MM, 2338, -20, 2
MM, 2341, -21, 2
MM, 2341, -16, 3
MM, 2343, -18, 1
MM, 2343, -16, 2
MM, 2343, -17, 2
MM, 2343, -17, 2
MM, 2343, -14, 2
MM, 2345, -17, 2
MM, 2345, -10, 2
MM, 2345, -14, 2
MM, 2345, -13, 3
MM, 2345, -11, 2
MM, 2345, -7, 1
MM, 2345, -7, 2
MM, 2345, -6, 2
MM, 2343, -8, 2
MM, 2341, -5, 2
MM, 2339, -4, 2
MM, 2337, -3, 2
MM, 2336, -4, 4
MM, 2334, -1, 2
MM, 2333, -3, 2
MM, 2333, -2, 2
MM, 2331, -1, 2
MM, 2331, -1, 2
MM, 2331, -2, 3
MM, 2330, -1, 3
MM, 2550, 1063, 4922
MM, 2548, 1063, 4
MM, 2547, 1063, 2
MM, 2545, 1064, 2
MM, 2542, 1066, 2
MM, 2539, 1066, 2
MM, 2534, 1070, 2
MM, 2528, 1071, 2
MM, 2522, 1075, 2
MM, 2514, 1079, 2
MM, 2506, 1083, 2
MM, 2498, 1087, 2
MM, 2489, 1094, 2
MM, 2478, 1101, 2
MM, 2466, 1108, 2
MM, 2454, 1118, 2
MM, 2442, 1125, 2
MM, 2430, 1134, 2
MM, 2415, 1144, 2
MM, 2400, 1157, 2
MM, 2385, 1170, 2
MM, 2369, 1182, 2
MM, 2351, 1198, 2
MM, 2332, 1214, 2
MM, 2310, 1231, 2
MM, 2289, 1250, 2
MM, 2267, 1266, 2
MM, 2245, 1285, 2
MM, 2223, 1301, 2
MM, 2202, 1318, 2
MM, 2180, 1334, 2
MM, 2155, 1356, 2
MM, 2130, 1376, 2
MM, 2105, 1395, 2
MM, 2080, 1415, 2
MM, 2055, 1434, 2
MM, 2033, 1453, 2
MM, 2005, 1470, 2
MM, 1980, 1486, 2
MM, 1956, 1503, 2
MM, 1931, 1519, 2
MM, 1909, 1536, 2
MM, 1884, 1549, 2
MM, 1860, 1560, 2
MM, 1839, 1574, 2
MM, 1817, 1584, 2
MM, 1793, 1595, 1
MM, 1772, 1606, 2
MM, 1751, 1614, 2
MM, 1730, 1621, 2
MM, 1712, 1629, 2
MM, 1691, 1637, 2
MM, 1673, 1642, 2
MM, 1656, 1647, 2
MM, 1638, 1649, 2
MM, 1624, 1654, 2
MM, 1607, 1657, 2
MM, 1593, 1659, 2
MM, 1579, 1661, 2
MM, 1565, 1664, 2
MM, 1551, 1666, 2
MM, 1540, 1668, 2
MM, 1532, 1668, 2
MM, 1522, 1670, 2
MM, 1453, 1685, 23
MM, 1450, 1685, 1
MM, 1447, 1687, 2
MM, 1443, 1687, 2
MM, 1438, 1687, 2
MM, 1435, 1689, 2
MM, 1432, 1689, 2
MM, 1428, 1689, 2
MM, 1425, 1689, 2
MM, 1422, 1689, 2
MM, 1419, 1690, 2
MM, 1415, 1690, 2
MM, 1412, 1690, 2
MM, 1409, 1692, 3
MM, 1403, 1692, 1
MM, 1400, 1692, 2
MM, 1395, 1694, 2
MM, 1389, 1696, 2
MM, 1386, 1698, 2
MM, 1382, 1699, 2
MM, 1377, 1701, 2
MM, 1373, 1703, 2
MM, 1368, 1705, 2
MM, 1363, 1705, 2
MM, 1359, 1708, 2
MM, 1354, 1710, 2
MM, 1346, 1714, 2
MM, 1340, 1716, 2
MM, 1334, 1720, 2
MM, 1329, 1723, 2
MM, 1323, 1727, 2
MM, 1315, 1731, 2
MM, 1310, 1735, 2
MM, 1304, 1739, 2
MM, 1296, 1743, 2
MM, 1290, 1746, 2
MM, 1285, 1750, 2
MM, 1277, 1756, 2
MM, 1268, 1763, 2
MM, 1260, 1767, 2
MM, 1251, 1773, 2
MM, 1245, 1779, 2
MM, 1237, 1786, 2
MM, 1228, 1795, 2
MM, 1219, 1799, 2
MM, 1211, 1805, 2
MM, 1205, 1811, 2
MM, 1199, 1817, 2
MM, 1193, 1823, 2
MM, 1187, 1828, 2
MM, 1182, 1834, 2
MM, 1176, 1840, 2
MM, 1170, 1846, 2
MM, 1164, 1852, 2
MM, 1159, 1855, 2
MM, 1155, 1859, 2
MM, 1152, 1862, 2
MM, 1148, 1866, 2
MM, 1144, 1870, 2
MM, 1143, 1871, 2
MM, 1140, 1874, 3
MM, 1136, 1876, 1
MM, 1135, 1877, 2
MM, 1132, 1877, 3
MM, 1129, 1877, 4
MM, 1125, 1879, 2
MM, 1122, 1879, 2
MM, 1119, 1879, 2
MM, 1117, 1880, 2
MM, 1114, 1880, 2
MM, 1111, 1882, 2
MM, 1108, 1884, 2
MM, 1106, 1884, 2
MM, 1103, 1885, 2
MM, 1100, 1887, 2
MM, 1096, 1889, 2
MM, 1093, 1891, 2
MM, 1089, 1892, 2
MM, 1084, 1894, 2
MM, 1080, 1898, 2
MM, 1075, 1901, 2
MM, 1069, 1903, 2
MM, 1064, 1907, 2
MM, 1058, 1911, 2
MM, 1052, 1916, 2
MM, 1047, 1922, 2
MM, 1041, 1928, 2
MM, 1035, 1934, 2
MM, 1029, 1940, 2
MM, 1020, 1949, 2
MM, 1014, 1957, 2
MM, 1005, 1966, 2
MM, 998, 1975, 2
MM, 989, 1984, 2
MM, 982, 1993, 2
MM, 976, 2001, 2
MM, 969, 2013, 2
MM, 962, 2025, 2
MM, 955, 2034, 2
MM, 948, 2045, 2
MM, 941, 2057, 2
MM, 935, 2066, 2
MM, 928, 2074, 2
MM, 924, 2086, 2
MM, 913, 2103, 4
MM, 909, 2108, 2
MM, 906, 2116, 2
MM, 902, 2122, 2
MM, 898, 2125, 2
MM, 894, 2131, 2
MM, 891, 2134, 2
MM, 889, 2138, 2
MM, 887, 2141, 2
MM, 886, 2145, 2
MM, 884, 2146, 2
MM, 883, 2148, 2
MM, 882, 2149, 2
MM, 880, 2150, 2
MM, 879, 2152, 2
MM, 877, 2153, 2
MM, 876, 2155, 2
MM, 874, 2155, 6
MM, 873, 2156, 4
MM, 872, 2156, 4
MM, 870, 2157, 4
MM, 869, 2157, 6
MM, 869, 2159, 2
MM, 869, 2160, 57
MM, 869, 2159, 2
MM, 871, 2161, 10
MM, 872, 2159, 4
MM, 872, 2160, 2
MM, 872, 2161, 2
MM, 872, 2160, 4
MM, 873, 2159, 2
MM, 873, 2160, 4
MM, 875, 2161, 2
MM, 875, 2160, 6
MM, 875, 2161, 6
MM, 875, 2160, 2
MM, 875, 2161, 4
MM, 876, 2160, 4
MM, 876, 2160, 8
MM, 878, 2159, 58
MM, 879, 2159, 2
MM, 881, 2158, 2
MM, 881, 2156, 2
MM, 882, 2155, 2
MM, 883, 2155, 2
MM, 885, 2153, 2
MM, 886, 2153, 5
MM, 888, 2152, 1
MM, 889, 2150, 2
MM, 890, 2149, 2
MM, 892, 2149, 2
MM, 893, 2148, 4
MM, 895, 2146, 2
MM, 896, 2145, 3
MM, 898, 2143, 3
MM, 899, 2143, 10
MM, 899, 2142, 13
MM, 900, 2142, 32
MM, 900, 2140, 2
MM, 900, 2139, 10
MM, 900, 2138, 6
MM, 900, 2136, 2
MM, 902, 2135, 4
MM, 903, 2133, 4
MM, 905, 2133, 2
MM, 905, 2132, 2
MM, 905, 2131, 2
MM, 905, 2129, 4
MM, 905, 2128, 4
MM, 906, 2126, 2
MM, 908, 2126, 8
MM, 908, 2125, 2
MM, 909, 2123, 46
MM, 909, 2122, 16
MM, 909, 2121, 115
MM, 909, 2121, 18
MM, 907, 2121, 12
MM, 906, 2121, 6
MM, 904, 2121, 8
MM, 903, 2121, 4
MM, 901, 2121, 4
MM, 900, 2119, 6
MM, 899, 2119, 2
MM, 897, 2119, 4
MP, 1, 29
MR, 1, 110
MC, 1, 0
MM, 897, 2118, 320
MM, 897, 2116, 2
MM, 898, 2115, 2
MM, 899, 2112, 2
MM, 901, 2108, 2
MM, 905, 2103, 2
MM, 910, 2097, 2
MM, 914, 2089, 2
MM, 921, 2080, 2
MM, 928, 2068, 2
MM, 935, 2057, 2
MM, 945, 2042, 2
MM, 955, 2023, 2
MM, 966, 2005, 2
MM, 976, 1987, 2
MM, 989, 1969, 2
MM, 1003, 1947, 2
MM, 1016, 1926, 2
MM, 1030, 1904, 2
MM, 1040, 1883, 2
MM, 1056, 1861, 2
MM, 1070, 1843, 2
MM, 1083, 1822, 2
MM, 1102, 1800, 2
MM, 1121, 1778, 2
MM, 1140, 1756, 2
MM, 1159, 1737, 2
MM, 1181, 1718, 2
MM, 1200, 1696, 2
MM, 1222, 1680, 2
MM, 1244, 1664, 2
MM, 1265, 1645, 2
MM, 1287, 1628, 2
MM, 1309, 1615, 2
MM, 1330, 1599, 2
MM, 1352, 1585, 2
MM, 1373, 1572, 2
MM, 1392, 1559, 2
MM, 1413, 1545, 2
MM, 1434, 1535, 2
MM, 1452, 1524, 2
MM, 1471, 1511, 2
MM, 1492, 1501, 2
MM, 1510, 1490, 2
MM, 1529, 1477, 2
MM, 1544, 1464, 2
MM, 1559, 1454, 2
MM, 1577, 1441, 2
MM, 1592, 1431, 2
MM, 1607, 1424, 2
MM, 1622, 1414, 2
MM, 1637, 1404, 2
MM, 1655, 1393, 2
MM, 1671, 1381, 2
MM, 1686, 1371, 2
MM, 1701, 1360, 2
MM, 1716, 1350, 2
MM, 1731, 1340, 2
MM, 1743, 1331, 2
MM, 1755, 1321, 2
MM, 1778, 1305, 4
MM, 1787, 1298, 2
MM, 1799, 1291, 2
MM, 1808, 1282, 2
MM, 1817, 1276, 2
MM, 1825, 1269, 2
MM, 1833, 1265, 2
MM, 1839, 1261, 2
MM, 1845, 1257, 2
MM, 1850, 1254, 2
MM, 1854, 1250, 2
MM, 1859, 1248, 2
MM, 1863, 1245, 1
MM, 1866, 1243, 2
MM, 1870, 1241, 2
MM, 1873, 1240, 2
MM, 1877, 1236, 2
MM, 1880, 1234, 2
MM, 1884, 1233, 2
MM, 1887, 1233, 2
MM, 1890, 1231, 2
MM, 1894, 1229, 2
MM, 1897, 1229, 2
MM, 1900, 1227, 2
MM, 1904, 1226, 2
MM, 1907, 1226, 2
MM, 1908, 1224, 2
MM, 1911, 1223, 2
MM, 1915, 1221, 2
MM, 1916, 1221, 2
MM, 1918, 1221, 2
MM, 1921, 1220, 2
MM, 1924, 1218, 3
MM, 1926, 1216, 1
MM, 1927, 1216, 2
MM, 1930, 1215, 2
MM, 1932, 1215, 2
MM, 1933, 1215, 2
MM, 1936, 1215, 2
MM, 1937, 1213, 2
MM, 1939, 1212, 2
MM, 1940, 1211, 2
MM, 1942, 1211, 2
MM, 1943, 1211, 2
MM, 1945, 1211, 2
MM, 1946, 1209, 4
MM, 1946, 1208, 2
MM, 1947, 1208, 2
MM, 1949, 1208, 2
MM, 1950, 1208, 2
MM, 1952, 1208, 6
MM, 1953, 1208, 2
MM, 1955, 1208, 8
MM, 1956, 1208, 18
MM, 1957, 1208, 6
MM, 1959, 1208, 2
MM, 1960, 1208, 4
MM, 1962, 1208, 3
MM, 1963, 1208, 5
MM, 1966, 1210, 2
MM, 1970, 1211, 4
MM, 1971, 1213, 2
MM, 1972, 1213, 2
MM, 1974, 1213, 2
MM, 1975, 1213, 4
MM, 1977, 1213, 2
MM, 1978, 1214, 2
MM, 1980, 1214, 2
MM, 1981, 1214, 5
MM, 1982, 1214, 2
MM, 1985, 1214, 1
MM, 1987, 1214, 6
MM, 1990, 1212, 4
MM, 1993, 1211, 2
MM, 1995, 1209, 3
MM, 1996, 1208, 2
MM, 1999, 1208, 2
MM, 2001, 1206, 2
MM, 2004, 1205, 1
MM, 2005, 1203, 2
MM, 2008, 1202, 3
MM, 2012, 1200, 1
MM, 2013, 1199, 3
MM, 2016, 1195, 2
MM, 2018, 1194, 2
MM, 2021, 1192, 2
MM, 2023, 1189, 2
MM, 2026, 1187, 2
MM, 2028, 1186, 2
MM, 2029, 1183, 2
MM, 2033, 1179, 2
MM, 2036, 1177, 2
MM, 2038, 1174, 2
MM, 2039, 1173, 2
MM, 2041, 1171, 2
MM, 2044, 1168, 2
MM, 2045, 1167, 2
MM, 2048, 1165, 2
MM, 2050, 1164, 2
MM, 2053, 1162, 2
MM, 2054, 1161, 2
MM, 2056, 1161, 2
MM, 2057, 1159, 2
MM, 2060, 1158, 2
MM, 2064, 1156, 2
MM, 2067, 1154, 2
MM, 2071, 1152, 2
MM, 2076, 1151, 2
MM, 2079, 1149, 2
MM, 2085, 1147, 2
MM, 2090, 1145, 2
MM, 2096, 1143, 2
MM, 2104, 1139, 2
MM, 2112, 1138, 2
MM, 2123, 1133, 2
MM, 2131, 1129, 2
MM, 2142, 1124, 2
MM, 2150, 1122, 2
MM, 2161, 1120, 2
MM, 2172, 1116, 2
MM, 2184, 1111, 2
MM, 2195, 1107, 2
MM, 2209, 1102, 2
MM, 2221, 1097, 2
MM, 2235, 1093, 2
MM, 2246, 1088, 2
MM, 2257, 1086, 2
MM, 2269, 1081, 2
MM, 2277, 1077, 2
MM, 2288, 1073, 2
MM, 2296, 1071, 2
MM, 2304, 1067, 2
MM, 2312, 1063, 2
MM, 2318, 1061, 2
MM, 2326, 1057, 2
MM, 2331, 1055, 2
MM, 2335, 1051, 2
MM, 2340, 1050, 2
MM, 2344, 1048, 2
MM, 2347, 1046, 2
MM, 2351, 1044, 2
MM, 2354, 1041, 2
MM, 2358, 1037, 2
MM, 2361, 1036, 4
MM, 2363, 1034, 2
MM, 2364, 1033, 2
MM, 2365, 1031, 2
MM, 2367, 1030, 2
MM, 2367, 1028, 2
MM, 2367, 1027, 2
MM, 2367, 1026, 2
MM, 2368, 1024, 2
MM, 2368, 1023, 2
MM, 2368, 1021, 2
MM, 2368, 1020, 2
MM, 2370, 1017, 4
MM, 2371, 1015, 2
MM, 2371, 1014, 2
MM, 2371, 1013, 2
MM, 2371, 1011, 2
MM, 2371, 1010, 2
MM, 2371, 1008, 2
MM, 2371, 1007, 2
MM, 2371, 1005, 2
MM, 2373, 1002, 2
MM, 2373, 999, 2
MM, 2373, 998, 2
MM, 2373, 995, 2
MM, 2373, 991, 2
MM, 2373, 988, 2
MM, 2373, 985, 2
MM, 2373, 982, 2
MM, 2373, 979, 1
MM, 2373, 975, 2
MM, 2373, 970, 2
MM, 2373, 967, 2
MM, 2373, 964, 2
MM, 2373, 960, 2
MM, 2373, 957, 2
MM, 2372, 954, 2
MM, 2370, 950, 2
MM, 2370, 945, 2
MM, 2370, 942, 2
MM, 2370, 939, 2
MM, 2370, 937, 2
MM, 2370, 934, 2
MM, 2370, 933, 2
MM, 2370, 931, 2
MM, 2369, 930, 2
MM, 2369, 929, 2
MM, 2369, 927, 2
MM, 2369, 926, 8
MM, 2369, 924, 8
MM, 2369, 923, 2
MM, 2369, 921, 2
MM, 2369, 920, 4
MM, 2369, 919, 6
MM, 2368, 917, 4
MM, 2368, 916, 2
MM, 2368, 914, 10
MM, 2368, 911, 6
MM, 2368, 910, 2
MM, 2368, 909, 4
MM, 2366, 907, 4
MM, 2366, 906, 2
MM, 2366, 904, 4
MM, 2366, 903, 6
MM, 2366, 900, 2
MM, 2366, 898, 4
MM, 2366, 897, 2
MM, 2366, 896, 2
MM, 2366, 894, 2
MM, 2366, 893, 2
MM, 2366, 891, 2
MM, 2366, 890, 2
MM, 2367, 888, 2
MM, 2368, 885, 2
MM, 2370, 884, 4
MM, 2370, 882, 2
MM, 2370, 881, 2
MM, 2370, 880, 4
MM, 2371, 878, 6
MM, 2371, 877, 53
MM, 2371, 875, 8
MM, 2371, 874, 2
MM, 2369, 874, 2
MM, 2368, 872, 10
MM, 2366, 872, 2
MM, 2365, 872, 4
MM, 2363, 872, 6
MM, 2362, 872, 10
MM, 2362, 871, 2
MM, 2361, 871, 22
MM, 2361, 870, 8
MM, 2361, 868, 8
MM, 2361, 867, 6
MM, 2359, 867, 24
MM, 2359, 865, 26
MP, 1, 10
MR, 1, 69
MC, 1, 0
