********************************************************************************
LOGGING TIME: 20201013_152439
CLIENT IP: 127.0.0.1
USERNAME: Daiveek Sai P
OS: Windows 10
ARCHITECTURE: amd64
VERSION: 10.0
RESOLUTION: 1536.0 864.0
********************************************************************************
********************************************************************************
LOGGING TIME: 20201013_152439
CLIENT IP: 127.0.0.1
USERNAME: Daiveek Sai P
OS: Windows 10
ARCHITECTURE: amd64
VERSION: 10.0
RESOLUTION: 1536.0 864.0
********************************************************************************
MM, 1920, 1079, 1602022804026
MM, 1920, 1079, 1602022804042
MM, 1920, 1078, 16
MM, 1920, 1078, 0
MM, 1921, 1078, 70
MM, 1921, 1078, 70
MM, 1921, 1076, 0
MM, 1921, 1076, 0
MM, 1922, 1076, 0
MM, 1922, 1076, 0
MM, 1924, 1075, 0
MM, 1924, 1075, 15
MM, 1924, 1073, 15
MM, 1924, 1073, 0
MM, 1925, 1072, 0
MM, 1925, 1072, 0
MM, 1927, 1071, 0
MM, 1927, 1071, 0
MM, 1928, 1069, 0
MM, 1928, 1069, 0
MM, 1929, 1068, 0
MM, 1929, 1068, 0
MM, 1929, 1066, 0
MM, 1929, 1066, 0
MM, 1933, 1065, 16
MM, 1933, 1065, 16
MM, 1934, 1063, 0
MM, 1934, 1063, 0
MM, 1937, 1060, 0
MM, 1937, 1060, 0
MM, 1941, 1057, 0
MM, 1941, 1057, 0
MM, 1946, 1053, 0
MM, 1946, 1053, 0
MM, 1952, 1047, 0
MM, 1952, 1047, 0
MM, 1960, 1043, 0
MM, 1960, 1043, 0
MM, 1969, 1036, 0
MM, 1969, 1036, 0
MM, 1978, 1027, 15
MM, 1978, 1027, 15
MM, 1987, 1018, 0
MM, 1987, 1018, 0
MM, 1997, 1006, 0
MM, 1997, 1006, 0
MM, 2006, 994, 0
MM, 2006, 994, 0
MM, 2016, 979, 0
MM, 2016, 979, 0
MM, 2029, 964, 0
MM, 2029, 964, 0
MM, 2042, 949, 0
MM, 2042, 949, 0
MM, 2060, 936, 0
MM, 2060, 936, 0
MM, 2079, 922, 16
MM, 2079, 922, 16
MM, 2097, 912, 0
MM, 2097, 912, 0
MM, 2121, 901, 0
MM, 2121, 901, 0
MM, 2146, 890, 0
MM, 2146, 890, 0
MM, 2173, 882, 0
MM, 2173, 882, 0
MM, 2207, 874, 0
MM, 2207, 874, 0
MM, 2240, 868, 0
MM, 2240, 868, 0
MM, 2274, 860, 0
MM, 2274, 860, 16
MM, 2315, 857, 0
MM, 2315, 857, 16
MM, 2358, 854, 0
MM, 2358, 854, 0
MM, 2406, 854, 0
MM, 2406, 854, 0
MM, 2454, 854, 0
MM, 2454, 854, 0
MM, 2517, 856, 0
MM, 2517, 856, 0
MM, 2588, 864, 0
MM, 2588, 864, 0
MM, 2651, 868, 0
MM, 2651, 868, 0
MM, 2722, 876, 0
MM, 2722, 876, 0
MM, 2788, 887, 15
MM, 2788, 887, 15
MM, 2855, 903, 0
MM, 2855, 903, 0
MM, 2929, 924, 0
MM, 2929, 924, 0
MM, 2997, 944, 0
MM, 2997, 944, 0
MM, 3067, 968, 0
MM, 3067, 968, 0
MM, 3130, 992, 0
MM, 3130, 992, 0
MM, 3194, 1020, 0
MM, 3194, 1020, 0
MM, 3252, 1047, 16
MM, 3252, 1047, 16
MM, 3310, 1074, 0
MM, 3310, 1074, 0
MM, 3368, 1101, 0
MM, 3368, 1101, 0
MM, 3427, 1133, 0
MM, 3427, 1133, 0
MM, 3479, 1159, 0
MM, 3479, 1159, 0
MM, 3530, 1185, 0
MM, 3530, 1185, 0
MM, 3576, 1209, 0
MM, 3576, 1209, 0
MM, 3622, 1234, 0
MM, 3622, 1234, 0
MM, 3662, 1257, 16
MM, 3662, 1257, 16
MM, 3706, 1278, 0
MM, 3706, 1278, 0
MM, 3746, 1301, 0
MM, 3746, 1301, 0
MM, 3780, 1322, 0
MM, 3780, 1322, 0
MM, 3808, 1339, 0
MM, 3808, 1339, 0
MM, 3836, 1356, 0
MM, 3836, 1356, 0
MM, 3860, 1372, 0
MM, 3860, 1372, 0
MM, 3861, 1389, 0
MM, 3861, 1389, 0
MM, 3860, 1402, 15
MM, 3860, 1402, 15
MM, 3858, 1415, 0
MM, 3858, 1415, 0
MM, 3857, 1431, 0
MM, 3857, 1431, 0
MM, 3855, 1444, 0
MM, 3855, 1444, 0
MM, 3851, 1453, 0
MM, 3851, 1453, 0
MM, 3851, 1463, 0
MM, 3851, 1463, 0
MM, 3848, 1472, 0
MM, 3848, 1472, 0
MM, 3845, 1481, 0
MM, 3845, 1481, 0
MM, 3846, 1489, 16
MM, 3846, 1489, 16
MM, 3845, 1495, 0
MM, 3845, 1495, 0
MM, 3840, 1501, 0
MM, 3840, 1501, 0
MM, 3841, 1508, 0
MM, 3841, 1508, 0
MM, 3841, 1514, 0
MM, 3841, 1514, 0
MM, 3841, 1519, 0
MM, 3841, 1519, 0
MM, 3839, 1523, 0
MM, 3839, 1523, 0
MM, 3839, 1528, 0
MM, 3839, 1528, 0
MM, 3839, 1531, 15
MM, 3839, 1531, 15
MM, 3839, 1536, 0
MM, 3839, 1536, 0
MM, 3838, 1542, 0
MM, 3838, 1542, 0
MM, 3834, 1548, 0
MM, 3834, 1548, 0
MM, 3831, 1553, 0
MM, 3831, 1553, 0
MM, 3827, 1559, 0
MM, 3827, 1559, 0
MM, 3821, 1570, 0
MM, 3821, 1570, 0
MM, 3814, 1581, 0
MM, 3814, 1581, 16
MM, 3804, 1593, 0
MM, 3804, 1593, 16
MM, 3794, 1608, 0
MM, 3794, 1608, 0
MM, 3781, 1624, 0
MM, 3781, 1624, 0
MM, 3766, 1639, 0
MM, 3766, 1639, 0
MM, 3753, 1654, 0
MM, 3753, 1654, 0
MM, 3737, 1673, 0
MM, 3737, 1673, 0
MM, 3721, 1695, 0
MM, 3721, 1695, 0
MM, 3701, 1717, 16
MM, 3701, 1717, 16
MM, 3679, 1739, 0
MM, 3679, 1739, 0
MM, 3654, 1758, 0
MM, 3654, 1758, 0
MM, 3633, 1777, 0
MM, 3633, 1777, 0
MM, 3608, 1797, 0
MM, 3608, 1797, 0
MM, 3575, 1817, 0
MM, 3575, 1817, 0
MM, 3541, 1839, 0
MM, 3541, 1839, 0
MM, 3506, 1864, 0
MM, 3506, 1864, 0
MM, 3472, 1886, 15
MM, 3472, 1886, 15
MM, 3438, 1908, 0
MM, 3438, 1908, 0
MM, 3399, 1931, 0
MM, 3399, 1931, 0
MM, 3359, 1954, 0
MM, 3359, 1954, 0
MM, 3313, 1978, 0
MM, 3313, 1978, 0
MM, 3269, 1999, 0
MM, 3269, 1999, 0
MM, 3223, 2024, 0
MM, 3223, 2024, 0
MM, 3177, 2048, 0
MM, 3177, 2048, 0
MM, 3131, 2073, 16
MM, 3131, 2073, 16
MM, 3086, 2098, 0
MM, 3086, 2098, 0
MM, 3041, 2118, 0
MM, 3041, 2118, 0
MM, 2996, 2143, 0
MM, 2996, 2143, 0
MM, 2950, 2167, 0
MM, 2950, 2167, 0
MM, 2911, 2178, 0
MM, 2911, 2178, 0
MM, 2875, 2175, 0
MM, 2875, 2175, 0
MM, 2836, 2178, 0
MM, 2836, 2178, 0
MM, 2796, 2182, 16
MM, 2796, 2182, 16
MM, 2764, 2177, 0
MM, 2764, 2177, 0
MM, 2727, 2174, 0
MM, 2727, 2174, 0
MM, 2699, 2173, 0
MM, 2699, 2173, 0
MM, 2672, 2173, 0
MM, 2672, 2173, 0
MM, 2644, 2173, 0
MM, 2644, 2173, 0
MM, 2619, 2173, 0
MM, 2619, 2173, 0
MM, 2595, 2169, 0
MM, 2595, 2169, 15
MM, 2574, 2170, 15
MM, 2574, 2170, 0
MM, 2523, 2164, 0
MM, 2523, 2164, 0
MM, 2515, 2163, 0
MM, 2515, 2163, 0
MM, 2507, 2161, 0
MM, 2507, 2161, 0
MM, 2502, 2161, 0
MM, 2502, 2161, 0
MM, 2499, 2159, 16
MM, 2499, 2159, 16
MM, 2497, 2158, 0
MM, 2497, 2158, 0
MM, 2496, 2157, 0
MM, 2496, 2157, 0
MM, 2496, 2154, 0
MM, 2496, 2154, 0
MM, 2496, 2151, 0
MM, 2496, 2151, 0
MM, 2496, 2147, 15
MM, 2496, 2147, 15
MM, 2496, 2142, 0
MM, 2496, 2142, 0
MM, 2496, 2137, 0
MM, 2496, 2137, 0
MM, 2496, 2129, 0
MM, 2496, 2129, 0
MM, 2496, 2122, 0
MM, 2496, 2122, 0
MM, 2496, 2112, 0
MM, 2496, 2112, 0
MM, 2496, 2098, 0
MM, 2496, 2098, 0
MM, 2496, 2082, 0
MM, 2496, 2082, 0
MM, 2493, 2064, 16
MM, 2493, 2064, 16
MM, 2491, 2047, 0
MM, 2491, 2047, 0
MM, 2488, 2030, 0
MM, 2488, 2030, 0
MM, 2483, 2009, 0
MM, 2483, 2009, 0
MM, 2481, 1989, 0
MM, 2481, 1989, 0
MM, 2475, 1968, 0
MM, 2475, 1968, 0
MM, 2470, 1944, 0
MM, 2470, 1944, 0
MM, 2465, 1920, 0
MM, 2465, 1920, 0
MM, 2459, 1896, 16
MM, 2459, 1896, 16
MM, 2451, 1872, 0
MM, 2451, 1872, 0
MM, 2443, 1848, 0
MM, 2443, 1848, 0
MM, 2435, 1821, 0
MM, 2435, 1821, 0
MM, 2427, 1793, 0
MM, 2427, 1793, 0
MM, 2419, 1769, 0
MM, 2419, 1769, 0
MM, 2411, 1745, 0
MM, 2411, 1745, 0
MM, 2403, 1718, 0
MM, 2403, 1718, 15
MM, 2394, 1690, 15
MM, 2394, 1690, 0
MM, 2386, 1666, 0
MM, 2386, 1666, 0
MM, 2378, 1639, 0
MM, 2378, 1639, 0
MM, 2370, 1615, 0
MM, 2370, 1615, 0
MM, 2365, 1591, 0
MM, 2365, 1591, 0
MM, 2359, 1564, 0
MM, 2359, 1564, 0
MM, 2354, 1540, 0
MM, 2354, 1540, 0
MM, 2349, 1516, 16
MM, 2349, 1516, 16
MM, 2346, 1492, 0
MM, 2346, 1492, 0
MM, 2344, 1469, 0
MM, 2344, 1469, 0
MM, 2341, 1448, 0
MM, 2341, 1448, 0
MM, 2341, 1425, 0
MM, 2341, 1425, 0
MM, 2341, 1405, 0
MM, 2341, 1405, 0
MM, 2341, 1385, 0
MM, 2341, 1385, 0
MM, 2341, 1365, 0
MM, 2341, 1365, 0
MM, 2341, 1341, 16
MM, 2341, 1341, 16
MM, 2341, 1321, 0
MM, 2341, 1321, 0
MM, 2341, 1284, 0
MM, 2341, 1284, 0
MM, 2341, 1264, 0
MM, 2341, 1264, 0
MM, 2341, 1248, 0
MM, 2341, 1248, 0
MM, 2341, 1231, 0
MM, 2341, 1231, 0
MM, 2342, 1214, 0
MM, 2342, 1214, 0
MM, 2345, 1196, 15
MM, 2345, 1196, 15
MM, 2347, 1179, 0
MM, 2347, 1179, 0
MM, 2350, 1162, 0
MM, 2350, 1162, 0
MM, 2352, 1148, 0
MM, 2352, 1148, 0
MM, 2354, 1134, 0
MM, 2354, 1134, 0
MM, 2354, 1117, 0
MM, 2354, 1117, 0
MM, 2357, 1103, 0
MM, 2357, 1103, 0
MM, 2359, 1089, 0
MM, 2359, 1089, 0
MM, 2361, 1075, 16
MM, 2361, 1075, 16
MM, 2364, 1061, 0
MM, 2364, 1061, 0
MM, 2366, 1047, 0
MM, 2366, 1047, 0
MM, 2368, 1036, 0
MM, 2368, 1036, 0
MM, 2370, 1025, 0
MM, 2370, 1025, 0
MM, 2373, 1014, 0
MM, 2373, 1014, 0
MM, 2377, 1006, 0
MM, 2377, 1006, 0
MM, 2379, 998, 0
MM, 2379, 998, 0
MM, 2381, 991, 15
MM, 2381, 991, 15
MM, 2383, 983, 0
MM, 2383, 983, 0
MM, 2386, 977, 0
MM, 2386, 977, 0
MM, 2388, 970, 0
MM, 2388, 970, 0
MM, 2392, 964, 0
MM, 2392, 964, 0
MM, 2394, 959, 0
MM, 2394, 959, 0
MM, 2396, 953, 0
MM, 2396, 953, 0
MM, 2397, 950, 0
MM, 2397, 950, 16
MM, 2399, 946, 16
MM, 2399, 946, 0
MM, 2403, 943, 0
MM, 2403, 943, 0
MM, 2404, 939, 0
MM, 2404, 939, 0
MM, 2406, 938, 0
MM, 2406, 938, 0
MM, 2407, 935, 0
MM, 2407, 935, 0
MM, 2411, 933, 0
MM, 2411, 933, 0
MM, 2412, 932, 16
MM, 2412, 932, 16
MM, 2414, 930, 0
MM, 2414, 930, 0
MM, 2415, 929, 0
MM, 2415, 929, 0
MM, 2418, 929, 0
MM, 2418, 929, 0
MM, 2419, 927, 0
MM, 2419, 927, 0
MM, 2421, 926, 0
MM, 2421, 926, 0
MM, 2424, 926, 15
MM, 2424, 926, 15
MM, 2425, 926, 0
MM, 2425, 926, 0
MM, 2427, 926, 0
MM, 2427, 926, 0
MM, 2427, 925, 0
MM, 2427, 925, 0
MM, 2428, 925, 0
MM, 2428, 925, 0
MM, 2429, 925, 63
MM, 2429, 925, 63
MM, 2431, 925, 0
MM, 2431, 925, 0
MM, 2432, 925, 0
MM, 2432, 925, 0
MM, 2434, 925, 0
MM, 2434, 925, 0
MM, 2437, 925, 0
MM, 2437, 925, 0
MM, 2440, 923, 0
MM, 2440, 923, 0
MM, 2445, 923, 0
MM, 2445, 923, 0
MM, 2451, 923, 15
MM, 2451, 923, 15
MM, 2458, 923, 0
MM, 2458, 923, 0
MM, 2466, 921, 0
MM, 2466, 921, 0
MM, 2473, 921, 0
MM, 2473, 921, 0
MM, 2483, 921, 0
MM, 2483, 921, 0
MM, 2494, 919, 0
MM, 2494, 919, 0
MM, 2508, 916, 0
MM, 2508, 916, 0
MM, 2522, 914, 0
MM, 2522, 914, 0
MM, 2536, 914, 16
MM, 2536, 914, 16
MM, 2550, 912, 0
MM, 2550, 912, 0
MM, 2564, 909, 0
MM, 2564, 909, 0
MM, 2581, 904, 0
MM, 2581, 904, 0
MM, 2599, 899, 0
MM, 2599, 899, 0
MM, 2613, 897, 0
MM, 2613, 897, 0
MM, 2627, 892, 0
MM, 2627, 892, 0
MM, 2642, 887, 0
MM, 2642, 887, 0
MM, 2656, 883, 16
MM, 2656, 883, 16
MM, 2668, 878, 0
MM, 2668, 878, 0
MM, 2679, 874, 0
MM, 2679, 874, 0
MM, 2690, 869, 0
MM, 2690, 869, 0
MM, 2698, 865, 0
MM, 2698, 865, 0
MM, 2710, 860, 0
MM, 2710, 860, 0
MM, 2718, 856, 0
MM, 2718, 856, 0
MM, 2726, 852, 0
MM, 2726, 852, 15
MM, 2732, 848, 15
MM, 2732, 848, 0
MM, 2735, 845, 0
MM, 2735, 845, 0
MM, 2739, 841, 0
MM, 2739, 841, 0
MM, 2742, 840, 0
MM, 2742, 840, 0
MM, 2744, 836, 0
MM, 2744, 836, 0
MM, 2746, 833, 0
MM, 2746, 833, 0
MM, 2747, 831, 0
MM, 2747, 831, 0
MM, 2749, 830, 16
MM, 2749, 830, 16
MM, 2749, 829, 0
MM, 2749, 829, 0
MM, 2749, 825, 0
MM, 2749, 825, 0
MM, 2749, 824, 0
MM, 2749, 824, 0
MM, 2748, 823, 0
MM, 2748, 823, 0
MM, 2747, 821, 0
MM, 2747, 821, 0
MM, 2745, 820, 0
MM, 2745, 820, 0
MM, 2744, 818, 0
MM, 2744, 818, 0
MM, 2741, 815, 15
MM, 2741, 815, 15
MM, 2737, 813, 0
MM, 2737, 813, 0
MM, 2734, 810, 0
MM, 2734, 810, 0
MM, 2730, 806, 0
MM, 2730, 806, 0
MM, 2725, 803, 0
MM, 2725, 803, 0
MM, 2719, 799, 0
MM, 2719, 799, 0
MM, 2713, 797, 0
MM, 2713, 797, 0
MM, 2708, 793, 0
MM, 2708, 793, 0
MM, 2700, 789, 16
MM, 2700, 789, 16
MM, 2692, 785, 0
MM, 2692, 785, 0
MM, 2683, 781, 0
MM, 2683, 781, 0
MM, 2672, 777, 0
MM, 2672, 777, 0
MM, 2664, 775, 0
MM, 2664, 775, 0
MM, 2657, 773, 0
MM, 2657, 773, 0
MM, 2648, 769, 0
MM, 2648, 769, 0
MM, 2641, 767, 0
MM, 2641, 767, 0
MM, 2633, 765, 16
MM, 2633, 765, 16
MM, 2625, 763, 0
MM, 2625, 763, 0
MM, 2617, 761, 0
MM, 2617, 761, 0
MM, 2610, 759, 0
MM, 2610, 759, 0
MM, 2604, 759, 0
MM, 2604, 759, 0
MM, 2599, 757, 0
MM, 2599, 757, 0
MM, 2593, 755, 0
MM, 2593, 755, 0
MM, 2588, 755, 0
MM, 2588, 755, 0
MM, 2583, 755, 15
MM, 2583, 755, 15
MM, 2580, 755, 0
MM, 2580, 755, 0
MM, 2574, 755, 0
MM, 2574, 755, 0
MM, 2571, 755, 0
MM, 2571, 755, 0
MM, 2568, 755, 0
MM, 2568, 755, 0
MM, 2565, 755, 0
MM, 2565, 755, 0
MM, 2561, 755, 0
MM, 2561, 755, 0
MM, 2558, 755, 16
MM, 2558, 755, 16
MM, 2555, 755, 0
MM, 2555, 755, 0
MM, 2550, 755, 0
MM, 2550, 755, 0
MM, 2546, 755, 0
MM, 2546, 755, 0
MM, 2543, 756, 0
MM, 2543, 756, 0
MM, 2539, 759, 0
MM, 2539, 759, 0
MM, 2536, 761, 0
MM, 2536, 761, 0
MM, 2533, 761, 16
MM, 2533, 761, 16
MM, 2530, 761, 0
MM, 2530, 761, 0
MM, 2528, 763, 0
MM, 2528, 763, 0
MM, 2525, 764, 0
MM, 2525, 764, 0
MM, 2522, 766, 0
MM, 2522, 766, 0
MM, 2520, 767, 0
MM, 2520, 767, 0
MM, 2517, 769, 0
MM, 2517, 769, 0
MM, 2516, 770, 0
MM, 2516, 770, 0
MM, 2514, 770, 15
MM, 2514, 770, 15
MM, 2511, 772, 0
MM, 2511, 772, 0
MM, 2510, 773, 0
MM, 2510, 773, 0
MM, 2508, 775, 0
MM, 2508, 775, 0
MM, 2507, 776, 0
MM, 2507, 776, 0
MM, 2505, 776, 0
MM, 2505, 776, 0
MM, 2504, 778, 0
MM, 2504, 778, 0
MM, 2503, 779, 0
MM, 2503, 779, 0
MM, 2501, 779, 16
MM, 2501, 779, 16
MM, 2501, 780, 0
MM, 2501, 780, 0
MM, 2500, 782, 0
MM, 2500, 782, 0
MM, 2498, 783, 0
MM, 2498, 783, 0
MM, 2497, 785, 0
MM, 2497, 785, 0
MM, 2497, 786, 0
MM, 2497, 786, 0
MM, 2497, 788, 15
MM, 2497, 788, 15
MM, 2497, 789, 0
MM, 2497, 789, 0
MM, 2496, 790, 0
MM, 2496, 790, 0
MM, 2494, 790, 0
MM, 2494, 790, 0
MM, 2493, 792, 0
MM, 2493, 792, 0
MM, 2491, 793, 0
MM, 2491, 793, 0
MM, 2491, 795, 0
MM, 2491, 795, 16
MM, 2490, 795, 16
MM, 2490, 795, 0
MM, 2490, 798, 0
MM, 2490, 798, 0
MM, 2488, 799, 0
MM, 2488, 799, 0
MM, 2487, 800, 0
MM, 2487, 800, 0
MM, 2486, 802, 0
MM, 2486, 802, 0
MM, 2484, 803, 16
MM, 2484, 803, 16
MM, 2483, 805, 0
MM, 2483, 805, 0
MM, 2481, 805, 0
MM, 2481, 805, 0
MM, 2480, 806, 0
MM, 2480, 806, 0
MM, 2478, 808, 0
MM, 2478, 808, 0
MM, 2477, 809, 0
MM, 2477, 809, 0
MM, 2476, 810, 0
MM, 2476, 810, 0
MM, 2474, 810, 0
MM, 2474, 810, 0
MM, 2473, 812, 15
MM, 2473, 812, 15
MM, 2471, 813, 0
MM, 2471, 813, 0
MM, 2470, 815, 0
MM, 2470, 815, 0
MM, 2469, 816, 0
MM, 2469, 816, 0
MM, 2467, 816, 0
MM, 2467, 816, 0
MM, 2466, 818, 0
MM, 2466, 818, 0
MM, 2464, 818, 16
MM, 2464, 818, 16
MM, 2463, 818, 0
MM, 2463, 818, 0
MM, 2461, 818, 0
MM, 2461, 818, 0
MM, 2460, 818, 0
MM, 2460, 818, 0
MM, 2459, 819, 0
MM, 2459, 819, 0
MM, 2457, 819, 0
MM, 2457, 819, 0
MM, 2456, 820, 16
MM, 2456, 820, 16
MM, 2454, 820, 0
MM, 2454, 820, 0
MM, 2454, 822, 0
MM, 2454, 822, 0
MM, 2453, 822, 0
MM, 2453, 822, 0
MM, 2451, 823, 0
MM, 2451, 823, 0
MM, 2450, 825, 15
MM, 2450, 825, 15
MM, 2450, 826, 0
MM, 2450, 826, 0
MM, 2449, 826, 0
MM, 2449, 826, 0
MM, 2447, 828, 0
MM, 2447, 828, 0
MM, 2446, 828, 0
MM, 2446, 828, 0
MM, 2444, 829, 0
MM, 2444, 829, 0
MM, 2444, 830, 16
MM, 2444, 830, 16
MM, 2443, 832, 0
MM, 2443, 832, 0
MM, 2443, 833, 0
MM, 2443, 833, 0
MM, 2441, 833, 0
MM, 2441, 833, 0
MM, 2441, 835, 0
MM, 2441, 835, 0
MM, 2440, 836, 0
MM, 2440, 836, 0
MM, 2439, 837, 0
MM, 2439, 837, 0
MM, 2437, 841, 0
MM, 2437, 841, 0
MM, 2436, 842, 15
MM, 2436, 842, 15
MM, 2434, 843, 0
MM, 2434, 843, 0
MM, 2433, 845, 0
MM, 2433, 845, 0
MM, 2431, 846, 0
MM, 2431, 846, 0
MM, 2431, 848, 0
MM, 2431, 848, 0
MM, 2431, 849, 0
MM, 2431, 849, 0
MM, 2430, 851, 16
MM, 2430, 851, 16
MM, 2429, 851, 0
MM, 2429, 851, 0
MM, 2427, 851, 0
MM, 2427, 851, 0
MM, 2427, 852, 0
MM, 2427, 852, 0
MM, 2426, 852, 0
MM, 2426, 852, 0
MM, 2426, 853, 0
MM, 2426, 853, 0
MM, 2424, 853, 16
MM, 2424, 853, 16
MM, 2423, 855, 0
MM, 2423, 855, 0
MM, 2421, 855, 0
MM, 2421, 855, 0
MM, 2420, 855, 0
MM, 2420, 855, 0
MM, 2419, 856, 15
MM, 2419, 856, 15
MM, 2417, 858, 0
MM, 2417, 858, 0
MM, 2416, 858, 0
MM, 2416, 858, 0
MM, 2414, 858, 16
MM, 2414, 858, 16
MM, 2413, 858, 0
MM, 2413, 858, 0
MM, 2411, 859, 16
MM, 2411, 859, 16
MM, 2410, 859, 0
MM, 2410, 859, 0
MM, 2409, 859, 15
MM, 2409, 859, 15
MM, 2407, 859, 0
MM, 2407, 859, 0
MM, 2406, 861, 0
MM, 2406, 861, 0
MM, 2404, 861, 0
MM, 2404, 861, 0
MM, 2403, 861, 0
MM, 2403, 861, 0
MM, 2402, 862, 0
MM, 2402, 862, 0
MM, 2400, 862, 16
MM, 2400, 862, 16
MM, 2399, 862, 0
MM, 2399, 862, 0
MM, 2397, 862, 0
MM, 2397, 862, 0
MM, 2396, 863, 0
MM, 2396, 863, 0
MM, 2394, 863, 0
MM, 2394, 863, 0
MM, 2393, 863, 0
MM, 2393, 863, 0
MM, 2392, 865, 0
MM, 2392, 865, 0
MM, 2389, 865, 15
MM, 2389, 865, 15
MM, 2387, 865, 0
MM, 2387, 865, 0
MM, 2384, 865, 0
MM, 2384, 865, 0
MM, 2383, 865, 0
MM, 2383, 865, 0
MM, 2381, 866, 0
MM, 2381, 866, 0
MM, 2380, 868, 0
MM, 2380, 868, 0
MM, 2377, 868, 0
MM, 2377, 868, 0
MM, 2375, 868, 16
MM, 2375, 868, 16
MM, 2374, 869, 0
MM, 2374, 869, 0
MM, 2371, 869, 0
MM, 2371, 869, 0
MM, 2370, 869, 0
MM, 2370, 869, 0
MM, 2368, 870, 0
MM, 2368, 870, 0
MM, 2367, 870, 0
MM, 2367, 870, 0
MM, 2365, 870, 0
MM, 2365, 870, 0
MM, 2364, 872, 0
MM, 2364, 872, 0
MM, 2362, 872, 16
MM, 2362, 872, 16
MM, 2361, 872, 0
MM, 2361, 872, 0
MM, 2361, 873, 0
MM, 2361, 873, 0
MM, 2360, 873, 0
MM, 2360, 873, 0
MM, 2358, 873, 15
MM, 2358, 873, 15
MM, 2357, 873, 16
MM, 2357, 873, 16
MM, 2355, 873, 47
MM, 2355, 873, 47
MM, 2354, 873, 15
MM, 2354, 873, 15
MP, 1, 94
MP, 1, 94
MR, 1, 94
MR, 1, 94
MC, 1, 0
MC, 1, 0
