********************************************************************************
LOGGING TIME: 20201014_123456
CLIENT IP: 192.168.1.5
USERNAME: Daiveek Sai P
OS: Windows 10
ARCHITECTURE: amd64
VERSION: 10.0
RESOLUTION: 1536.0 864.0
********************************************************************************
MM, 2397, 868, 1602022801408
MM, 2396, 868, 0
MM, 2395, 868, 0
MM, 2393, 867, 16
MM, 2392, 867, 0
MM, 2390, 867, 0
MM, 2389, 867, 0
MM, 2387, 867, 0
MM, 2384, 867, 0
MM, 2383, 867, 16
MM, 2382, 867, 0
MM, 2379, 867, 0
MM, 2377, 867, 0
MM, 2376, 867, 0
MM, 2374, 867, 0
MM, 2373, 867, 15
MM, 2370, 867, 0
MM, 2368, 867, 0
MM, 2367, 867, 0
MM, 2366, 867, 0
MM, 2364, 867, 0
MM, 2363, 865, 16
MM, 2361, 865, 0
MM, 2361, 864, 31
MM, 2360, 864, 31
MP, 1, 125
MR, 1, 79
MC, 1, 0
MM, 2360, 866, 203
MM, 2360, 867, 0
MM, 2360, 869, 15
MM, 2360, 870, 0
MM, 2362, 871, 0
MM, 2362, 873, 0
MM, 2363, 876, 0
MM, 2363, 879, 0
MM, 2363, 881, 0
MM, 2363, 884, 16
MM, 2365, 887, 0
MM, 2365, 890, 0
MM, 2365, 896, 0
MM, 2365, 899, 0
MM, 2365, 904, 0
MM, 2365, 909, 0
MM, 2367, 915, 0
MM, 2367, 922, 15
MM, 2369, 928, 0
MM, 2371, 933, 0
MM, 2371, 941, 0
MM, 2372, 949, 0
MM, 2374, 956, 0
MM, 2376, 964, 0
MM, 2378, 975, 0
MM, 2383, 983, 16
MM, 2385, 994, 0
MM, 2390, 1008, 0
MM, 2392, 1022, 0
MM, 2399, 1037, 0
MM, 2404, 1052, 0
MM, 2422, 1101, 16
MM, 2434, 1134, 0
MM, 2439, 1151, 0
MM, 2444, 1169, 0
MM, 2449, 1183, 0
MM, 2456, 1198, 0
MM, 2461, 1209, 0
MM, 2465, 1224, 15
MM, 2468, 1235, 0
MM, 2470, 1245, 0
MM, 2475, 1260, 0
MM, 2477, 1268, 0
MM, 2479, 1278, 0
MM, 2481, 1286, 0
MM, 2483, 1294, 16
MM, 2483, 1299, 0
MM, 2483, 1305, 0
MM, 2483, 1310, 0
MM, 2483, 1313, 0
MM, 2483, 1316, 0
MM, 2483, 1319, 0
MM, 2483, 1323, 0
MM, 2483, 1326, 16
MM, 2483, 1329, 0
MM, 2483, 1330, 0
MM, 2483, 1332, 0
MM, 2483, 1333, 0
MM, 2483, 1335, 0
MM, 2482, 1336, 0
MM, 2481, 1338, 0
MM, 2481, 1339, 15
MM, 2479, 1340, 0
MM, 2479, 1343, 0
MM, 2478, 1345, 0
MM, 2478, 1346, 0
MM, 2476, 1348, 16
MM, 2476, 1349, 0
MM, 2476, 1351, 0
MM, 2476, 1352, 0
MM, 2475, 1352, 0
MM, 2474, 1353, 0
MM, 2472, 1353, 15
MM, 2471, 1355, 0
MM, 2469, 1356, 0
MM, 2468, 1358, 16
MM, 2467, 1358, 0
MM, 2465, 1358, 0
MM, 2465, 1359, 0
MM, 2464, 1361, 0
MM, 2462, 1362, 16
MM, 2461, 1362, 0
MM, 2459, 1363, 0
MM, 2459, 1365, 0
MM, 2458, 1365, 0
MM, 2457, 1365, 15
MM, 2455, 1366, 0
MM, 2455, 1368, 0
MM, 2454, 1368, 0
MM, 2452, 1368, 16
MM, 2452, 1369, 0
MM, 2452, 1370, 0
MM, 2451, 1370, 0
MM, 2449, 1372, 16
MM, 2448, 1372, 0
MM, 2448, 1373, 0
MM, 2447, 1373, 0
MM, 2445, 1375, 15
MM, 2444, 1376, 0
MM, 2442, 1378, 0
MM, 2441, 1379, 0
MM, 2439, 1380, 0
MM, 2436, 1384, 16
MM, 2435, 1385, 0
MM, 2433, 1386, 0
MM, 2430, 1388, 0
MM, 2429, 1389, 0
MM, 2427, 1393, 0
MM, 2424, 1396, 0
MM, 2422, 1398, 0
MM, 2419, 1399, 15
MM, 2418, 1401, 0
MM, 2416, 1402, 0
MM, 2413, 1404, 0
MM, 2412, 1405, 0
MM, 2409, 1407, 0
MM, 2405, 1407, 0
MM, 2402, 1407, 0
MM, 2399, 1408, 16
MM, 2397, 1410, 0
MM, 2396, 1410, 0
MM, 2393, 1411, 0
MM, 2391, 1413, 0
MM, 2390, 1413, 0
MM, 2387, 1413, 0
MM, 2386, 1413, 0
MM, 2384, 1413, 16
MM, 2383, 1414, 0
MM, 2380, 1414, 0
MM, 2378, 1414, 0
MM, 2377, 1414, 0
MM, 2375, 1414, 0
MM, 2374, 1414, 0
MM, 2373, 1414, 15
MM, 2371, 1414, 0
MM, 2370, 1415, 63
MM, 2368, 1417, 0
MM, 2367, 1417, 0
MM, 2366, 1418, 0
MM, 2366, 1420, 15
MM, 2364, 1420, 0
MM, 2363, 1420, 0
MM, 2361, 1421, 0
MM, 2360, 1423, 0
MM, 2358, 1423, 16
MM, 2357, 1423, 0
MM, 2356, 1424, 0
MM, 2354, 1424, 16
MM, 2354, 1425, 15
MM, 2354, 1425, 266
MM, 2354, 1424, 0
MM, 2354, 1422, 0
MM, 2353, 1421, 0
MM, 2351, 1419, 15
MM, 2351, 1418, 0
MM, 2351, 1416, 0
MM, 2351, 1415, 0
MM, 2350, 1414, 0
MM, 2350, 1411, 0
MM, 2348, 1409, 0
MM, 2348, 1406, 0
MM, 2347, 1405, 16
MM, 2345, 1402, 0
MM, 2344, 1400, 0
MM, 2344, 1397, 0
MM, 2342, 1394, 0
MM, 2341, 1392, 0
MM, 2339, 1389, 0
MM, 2338, 1386, 16
MM, 2336, 1382, 0
MM, 2334, 1379, 0
MM, 2333, 1378, 0
MM, 2331, 1374, 0
MM, 2330, 1371, 0
MM, 2330, 1368, 0
MM, 2328, 1364, 0
MM, 2324, 1361, 15
MM, 2323, 1357, 0
MM, 2321, 1354, 0
MM, 2319, 1351, 0
MM, 2317, 1347, 0
MM, 2316, 1344, 0
MM, 2314, 1340, 0
MM, 2312, 1335, 0
MM, 2310, 1331, 16
MM, 2309, 1326, 0
MM, 2305, 1319, 0
MM, 2303, 1314, 0
MM, 2302, 1310, 0
MM, 2300, 1307, 0
MM, 2298, 1301, 0
MM, 2296, 1296, 16
MM, 2295, 1292, 0
MM, 2295, 1289, 0
MM, 2293, 1286, 0
MM, 2291, 1282, 0
MM, 2289, 1277, 0
MM, 2288, 1273, 0
MM, 2286, 1268, 0
MM, 2284, 1262, 15
MM, 2282, 1257, 0
MM, 2280, 1254, 0
MM, 2279, 1248, 0
MM, 2277, 1243, 0
MM, 2273, 1237, 0
MM, 2271, 1234, 0
MM, 2270, 1228, 16
MM, 2268, 1225, 0
MM, 2266, 1219, 0
MM, 2264, 1216, 0
MM, 2264, 1210, 0
MM, 2263, 1207, 0
MM, 2261, 1201, 0
MM, 2259, 1198, 0
MM, 2259, 1193, 15
MM, 2257, 1187, 0
MM, 2257, 1182, 0
MM, 2257, 1179, 0
MM, 2257, 1175, 0
MM, 2257, 1170, 0
MM, 2257, 1165, 0
MM, 2257, 1162, 0
MM, 2257, 1156, 16
MM, 2257, 1151, 0
MM, 2257, 1146, 0
MM, 2257, 1142, 0
MM, 2257, 1137, 0
MM, 2258, 1132, 0
MM, 2260, 1128, 0
MM, 2260, 1123, 0
MM, 2260, 1117, 16
MM, 2261, 1114, 0
MM, 2261, 1109, 0
MM, 2263, 1103, 0
MM, 2263, 1098, 0
MM, 2263, 1093, 0
MM, 2265, 1085, 0
MM, 2265, 1080, 0
MM, 2265, 1074, 15
MM, 2267, 1071, 0
MM, 2267, 1065, 0
MM, 2269, 1060, 0
MM, 2269, 1055, 0
MM, 2269, 1049, 0
MM, 2269, 1046, 0
MM, 2271, 1041, 16
MM, 2271, 1035, 0
MM, 2271, 1030, 0
MM, 2271, 1027, 0
MM, 2271, 1023, 0
MM, 2271, 1020, 0
MM, 2271, 1017, 0
MM, 2271, 1014, 0
MM, 2271, 1011, 15
MM, 2271, 1009, 0
MM, 2271, 1006, 0
MM, 2271, 1003, 0
MM, 2272, 1002, 0
MM, 2272, 1000, 0
MM, 2272, 999, 0
MM, 2272, 997, 16
MM, 2273, 996, 0
MM, 2273, 995, 0
MM, 2273, 993, 0
MM, 2273, 992, 0
MM, 2275, 990, 0
MM, 2275, 989, 0
MM, 2275, 987, 0
MM, 2276, 986, 16
MM, 2276, 985, 0
MM, 2278, 981, 0
MM, 2280, 978, 0
MM, 2280, 975, 0
MM, 2281, 973, 0
MM, 2281, 972, 0
MM, 2281, 969, 15
MM, 2282, 968, 0
MM, 2282, 964, 0
MM, 2284, 963, 0
MM, 2284, 962, 0
MM, 2284, 960, 0
MM, 2285, 959, 0
MM, 2285, 956, 16
MM, 2285, 954, 0
MM, 2287, 951, 0
MM, 2287, 950, 0
MM, 2288, 947, 0
MM, 2288, 943, 0
MM, 2290, 940, 0
MM, 2290, 937, 16
MM, 2290, 934, 0
MM, 2292, 930, 0
MM, 2292, 927, 0
MM, 2292, 924, 0
MM, 2293, 920, 0
MM, 2293, 915, 0
MM, 2293, 912, 15
MM, 2293, 910, 0
MM, 2293, 907, 0
MM, 2293, 904, 0
MM, 2295, 901, 0
MM, 2295, 898, 0
MM, 2295, 896, 0
MM, 2295, 893, 0
MM, 2295, 890, 16
MM, 2295, 887, 0
MM, 2295, 884, 0
MM, 2295, 880, 0
MM, 2297, 879, 0
MM, 2297, 876, 0
MM, 2297, 873, 0
MM, 2297, 871, 0
MM, 2298, 868, 15
MM, 2298, 867, 0
MM, 2298, 865, 0
MM, 2298, 862, 0
MM, 2298, 861, 0
MM, 2298, 859, 0
MM, 2298, 858, 0
MM, 2298, 857, 16
MM, 2300, 855, 0
MM, 2300, 854, 0
MM, 2300, 852, 0
MM, 2300, 851, 0
MM, 2300, 850, 0
MM, 2301, 848, 16
MM, 2301, 847, 0
MM, 2301, 845, 0
MM, 2301, 846, 156
MM, 2301, 847, 0
MM, 2302, 847, 0
MM, 2304, 849, 0
MM, 2305, 850, 0
MM, 2307, 851, 0
MM, 2308, 855, 16
MM, 2310, 858, 0
MM, 2311, 859, 0
MM, 2313, 862, 0
MM, 2314, 864, 0
MM, 2316, 867, 0
MM, 2318, 870, 0
MM, 2319, 874, 15
MM, 2321, 877, 0
MM, 2322, 879, 0
MM, 2324, 882, 0
MM, 2326, 885, 0
MM, 2327, 889, 0
MM, 2327, 890, 0
MM, 2329, 893, 16
MM, 2329, 895, 0
MM, 2329, 896, 0
MM, 2329, 899, 0
MM, 2330, 900, 0
MM, 2330, 902, 0
MM, 2332, 903, 15
MM, 2332, 905, 0
MM, 2332, 906, 0
MM, 2333, 906, 172
MM, 2333, 906, 0
MM, 2333, 904, 16
MM, 2335, 903, 16
MM, 2335, 901, 15
MM, 2335, 900, 0
MM, 2335, 899, 16
MM, 2335, 897, 15
MM, 2336, 896, 0
MM, 2336, 894, 0
MM, 2338, 893, 16
MM, 2338, 892, 0
MM, 2339, 890, 0
MM, 2340, 890, 0
MM, 2340, 889, 0
MM, 2340, 887, 0
MM, 2340, 886, 16
MM, 2342, 884, 0
MM, 2342, 883, 0
MM, 2342, 882, 15
MM, 2342, 880, 0
MM, 2342, 879, 0
MM, 2343, 877, 0
MM, 2343, 876, 16
MM, 2343, 874, 0
MM, 2343, 873, 15
MM, 2343, 872, 0
MM, 2343, 870, 47
MM, 2345, 870, 0
MM, 2344, 870, 16
MM, 2345, 870, 0
MM, 2344, 870, 47
MP, 1, 297
MR, 1, 93
MC, 1, 0
MP, 1, 110
MR, 1, 93
MC, 2, 0
MP, 1, 141
MR, 1, 109
MC, 3, 0
MM, 2343, 872, 141
MM, 2343, 874, 16
MM, 2343, 877, 0
MM, 2343, 880, 0
MM, 2343, 883, 0
MM, 2343, 886, 0
MM, 2343, 892, 0
MM, 2343, 897, 0
MM, 2343, 905, 0
MM, 2343, 912, 15
MM, 2341, 920, 0
MM, 2341, 927, 0
MM, 2341, 937, 0
MM, 2341, 951, 0
MM, 2341, 961, 0
MM, 2341, 975, 0
MM, 2338, 992, 0
MM, 2338, 1022, 16
MM, 2338, 1042, 0
MM, 2336, 1059, 0
MM, 2336, 1076, 0
MM, 2336, 1096, 0
MM, 2336, 1116, 0
MM, 2333, 1137, 0
MM, 2331, 1157, 15
MM, 2331, 1180, 0
MM, 2328, 1201, 0
MM, 2326, 1221, 0
MM, 2320, 1242, 0
MM, 2318, 1262, 0
MM, 2315, 1286, 0
MM, 2310, 1307, 16
MM, 2305, 1328, 0
MM, 2302, 1348, 0
MM, 2297, 1392, 0
MM, 2295, 1412, 0
MM, 2289, 1436, 0
MM, 2287, 1460, 0
MM, 2281, 1484, 16
MM, 2279, 1511, 0
MM, 2273, 1538, 0
MM, 2271, 1565, 0
MM, 2265, 1592, 0
MM, 2260, 1622, 0
MM, 2257, 1652, 0
MM, 2251, 1682, 0
MM, 2246, 1716, 15
MM, 2243, 1749, 0
MM, 2237, 1787, 0
MM, 2235, 1820, 0
MM, 2229, 1858, 0
MM, 2223, 1896, 0
MM, 2220, 1932, 0
MM, 2217, 1974, 0
MM, 2214, 2023, 16
MM, 2210, 2073, 0
MM, 2207, 2123, 0
MM, 2204, 2179, 0
MM, 2200, 2209, 0
MM, 2190, 2215, 0
MM, 2187, 2209, 0
MM, 2183, 2215, 16
MM, 2180, 2216, 0
MM, 2172, 2216, 0
MM, 2169, 2216, 0
MM, 2165, 2215, 0
MM, 2162, 2209, 0
MM, 2159, 2202, 0
MM, 2156, 2208, 0
MM, 2152, 2209, 15
MM, 2146, 2210, 0
MM, 2142, 2202, 0
MM, 2140, 2196, 0
MM, 2134, 2197, 0
MM, 2128, 2192, 0
MM, 2123, 2189, 0
MM, 2114, 2190, 16
MM, 2106, 2186, 0
MM, 2101, 2186, 0
MM, 2095, 2183, 0
MM, 2090, 2183, 0
MM, 2082, 2183, 0
MM, 2077, 2180, 0
MM, 2072, 2180, 0
MM, 2059, 2173, 15
MM, 2055, 2173, 0
MM, 2050, 2174, 0
MM, 2045, 2170, 0
MM, 2041, 2170, 0
MM, 2039, 2167, 0
MM, 2035, 2167, 0
MM, 2030, 2168, 16
MM, 2029, 2164, 0
MM, 2027, 2165, 0
MM, 2025, 2162, 0
MM, 2023, 2165, 0
MM, 2022, 2162, 0
MM, 2022, 2162, 0
MM, 2022, 2161, 16
MM, 2022, 2160, 0
MM, 2020, 2160, 312
MM, 2019, 2159, 16
MM, 2017, 2159, 0
MM, 2016, 2158, 0
MM, 2014, 2156, 0
MM, 2013, 2156, 0
MM, 2012, 2156, 0
MM, 2010, 2155, 0
MM, 2009, 2155, 0
MM, 2006, 2153, 15
MM, 2002, 2151, 0
MM, 2001, 2150, 0
MM, 1998, 2150, 0
MM, 1994, 2148, 0
MM, 1991, 2147, 0
MM, 1988, 2147, 0
MM, 1984, 2145, 16
MM, 1983, 2143, 0
MM, 1978, 2142, 0
MM, 1975, 2140, 0
MM, 1971, 2138, 0
MM, 1968, 2137, 0
MM, 1964, 2135, 0
MM, 1961, 2133, 0
MM, 1958, 2132, 16
MM, 1952, 2128, 0
MM, 1949, 2126, 0
MM, 1945, 2124, 0
MM, 1939, 2121, 0
MM, 1934, 2119, 0
MM, 1931, 2117, 0
MM, 1925, 2113, 0
MM, 1922, 2112, 15
MM, 1916, 2110, 0
MM, 1910, 2106, 0
MM, 1907, 2104, 0
MM, 1904, 2103, 0
MM, 1900, 2101, 0
MM, 1895, 2099, 0
MM, 1891, 2098, 0
MM, 1888, 2096, 16
MM, 1884, 2094, 0
MM, 1881, 2092, 0
MM, 1878, 2092, 0
MM, 1875, 2092, 0
MM, 1871, 2092, 0
MM, 1868, 2091, 0
MM, 1865, 2091, 15
MM, 1862, 2091, 0
MM, 1858, 2091, 0
MM, 1855, 2089, 0
MM, 1852, 2089, 0
MM, 1849, 2089, 0
MM, 1845, 2089, 0
MM, 1844, 2089, 16
MM, 1843, 2088, 0
MM, 1840, 2088, 0
MM, 1836, 2088, 0
MM, 1833, 2088, 0
MM, 1830, 2088, 0
MM, 1827, 2088, 0
MM, 1824, 2088, 16
MM, 1820, 2088, 0
MM, 1817, 2088, 0
MM, 1812, 2088, 0
MM, 1809, 2088, 0
MM, 1803, 2088, 0
MM, 1798, 2088, 0
MM, 1795, 2088, 0
MM, 1789, 2088, 15
MM, 1784, 2088, 0
MM, 1778, 2090, 0
MM, 1773, 2090, 0
MM, 1768, 2092, 0
MM, 1762, 2092, 0
MM, 1757, 2092, 0
MM, 1754, 2092, 0
MM, 1748, 2094, 16
MM, 1743, 2094, 0
MM, 1740, 2094, 0
MM, 1736, 2094, 0
MM, 1731, 2094, 0
MM, 1726, 2094, 0
MM, 1723, 2094, 0
MM, 1717, 2094, 0
MM, 1712, 2094, 16
MM, 1707, 2094, 0
MM, 1701, 2094, 0
MM, 1698, 2094, 0
MM, 1695, 2094, 0
MM, 1689, 2094, 0
MM, 1686, 2094, 0
MM, 1683, 2094, 0
MM, 1678, 2094, 15
MM, 1675, 2094, 0
MM, 1671, 2094, 0
MM, 1668, 2094, 0
MM, 1665, 2094, 0
MM, 1662, 2094, 0
MM, 1659, 2094, 0
MM, 1655, 2094, 16
MM, 1652, 2094, 0
MM, 1649, 2094, 0
MM, 1648, 2094, 0
MM, 1646, 2094, 0
MM, 1643, 2094, 0
MM, 1642, 2094, 0
MM, 1639, 2094, 15
MM, 1637, 2094, 0
MM, 1636, 2094, 0
MM, 1633, 2094, 0
MM, 1632, 2094, 0
MM, 1629, 2094, 0
MM, 1627, 2094, 0
MM, 1624, 2094, 16
MM, 1621, 2094, 0
MM, 1618, 2094, 0
MM, 1614, 2094, 0
MM, 1611, 2094, 0
MM, 1608, 2094, 0
MM, 1605, 2094, 0
MM, 1601, 2093, 0
MM, 1596, 2091, 16
MM, 1591, 2091, 0
MM, 1587, 2091, 0
MM, 1582, 2090, 0
MM, 1577, 2090, 0
MM, 1571, 2090, 0
MM, 1568, 2090, 0
MM, 1563, 2090, 0
MM, 1557, 2090, 15
MM, 1552, 2088, 0
MM, 1549, 2088, 0
MM, 1543, 2088, 0
MM, 1538, 2088, 0
MM, 1533, 2086, 0
MM, 1529, 2086, 0
MM, 1526, 2086, 16
MM, 1523, 2086, 0
MM, 1518, 2086, 0
MM, 1514, 2086, 0
MM, 1511, 2086, 0
MM, 1506, 2086, 0
MM, 1503, 2086, 0
MM, 1499, 2086, 0
MM, 1496, 2086, 16
MM, 1493, 2086, 0
MM, 1490, 2086, 0
MM, 1487, 2086, 0
MM, 1483, 2086, 0
MM, 1480, 2086, 0
MM, 1477, 2086, 0
MM, 1474, 2086, 0
MM, 1471, 2086, 15
MM, 1467, 2086, 0
MM, 1464, 2086, 0
MM, 1461, 2086, 0
MM, 1458, 2086, 0
MM, 1452, 2086, 0
MM, 1449, 2086, 0
MM, 1446, 2086, 0
MM, 1441, 2086, 16
MM, 1435, 2086, 0
MM, 1432, 2086, 0
MM, 1427, 2086, 0
MM, 1422, 2086, 0
MM, 1416, 2087, 0
MM, 1411, 2089, 0
MM, 1405, 2090, 0
MM, 1402, 2092, 15
MM, 1396, 2092, 0
MM, 1393, 2094, 0
MM, 1387, 2096, 0
MM, 1384, 2096, 0
MM, 1381, 2096, 0
MM, 1376, 2097, 0
MM, 1370, 2099, 16
MM, 1365, 2099, 0
MM, 1359, 2101, 0
MM, 1356, 2103, 0
MM, 1350, 2103, 0
MM, 1347, 2103, 0
MM, 1342, 2103, 0
MM, 1337, 2103, 0
MM, 1331, 2103, 16
MM, 1328, 2103, 0
MM, 1323, 2105, 0
MM, 1319, 2105, 0
MM, 1314, 2105, 0
MM, 1309, 2105, 0
MM, 1303, 2106, 0
MM, 1298, 2106, 0
MM, 1292, 2106, 15
MM, 1289, 2106, 0
MM, 1284, 2108, 0
MM, 1278, 2108, 0
MM, 1275, 2108, 0
MM, 1270, 2108, 0
MM, 1265, 2108, 0
MM, 1259, 2110, 0
MM, 1254, 2110, 16
MM, 1248, 2110, 0
MM, 1243, 2110, 0
MM, 1235, 2112, 0
MM, 1230, 2112, 0
MM, 1225, 2112, 0
MM, 1219, 2112, 0
MM, 1214, 2112, 0
MM, 1209, 2112, 15
MM, 1203, 2114, 0
MM, 1198, 2114, 0
MM, 1193, 2114, 0
MM, 1187, 2116, 0
MM, 1182, 2116, 0
MM, 1176, 2116, 0
MM, 1171, 2116, 16
MM, 1164, 2116, 0
MM, 1158, 2116, 0
MM, 1155, 2116, 0
MM, 1150, 2116, 0
MM, 1144, 2118, 0
MM, 1139, 2118, 0
MM, 1136, 2118, 0
MM, 1125, 2118, 16
MM, 1122, 2118, 0
MM, 1116, 2118, 0
MM, 1113, 2118, 0
MM, 1108, 2118, 0
MM, 1105, 2118, 0
MM, 1101, 2119, 0
MM, 1098, 2119, 15
MM, 1095, 2119, 0
MM, 1092, 2119, 0
MM, 1088, 2119, 0
MM, 1085, 2119, 0
MM, 1084, 2119, 0
MM, 1081, 2119, 0
MM, 1079, 2119, 0
MM, 1076, 2119, 16
MM, 1075, 2119, 0
MM, 1074, 2119, 0
MM, 1072, 2119, 0
MM, 1069, 2119, 0
MM, 1066, 2119, 0
MM, 1064, 2119, 16
MM, 1063, 2119, 0
MM, 1062, 2119, 0
MM, 1060, 2119, 0
MM, 1059, 2119, 15
MM, 1057, 2119, 0
MM, 1056, 2119, 31
MM, 1054, 2119, 16
MM, 1053, 2119, 16
MM, 1052, 2119, 15
MM, 1050, 2119, 0
MM, 1049, 2119, 16
MM, 1047, 2119, 0
MM, 1046, 2119, 0
MM, 1045, 2119, 16
MM, 1043, 2119, 0
MM, 1042, 2119, 0
MM, 1040, 2119, 15
MM, 1039, 2119, 0
MM, 1037, 2119, 16
MM, 1036, 2119, 0
MM, 1035, 2119, 0
MM, 1033, 2119, 0
MM, 1032, 2119, 15
MM, 1030, 2119, 0
MM, 1029, 2119, 16
MM, 1027, 2121, 0
MM, 1026, 2121, 0
MM, 1025, 2121, 0
MM, 1023, 2121, 0
MM, 1022, 2121, 0
MM, 1020, 2121, 0
MM, 1019, 2121, 0
MM, 1016, 2121, 16
MM, 1015, 2121, 0
MM, 1012, 2121, 0
MM, 1010, 2122, 0
MM, 1009, 2122, 0
MM, 1007, 2122, 0
MM, 1004, 2122, 15
MM, 1001, 2122, 0
MM, 998, 2122, 0
MM, 995, 2122, 0
MM, 992, 2122, 0
MM, 988, 2122, 0
MM, 985, 2122, 0
MM, 982, 2122, 16
MM, 979, 2122, 0
MM, 976, 2122, 0
MM, 972, 2122, 0
MM, 969, 2122, 0
MM, 964, 2122, 0
MM, 958, 2122, 0
MM, 955, 2122, 0
MM, 947, 2122, 16
MM, 941, 2122, 0
MM, 938, 2122, 0
MM, 933, 2122, 0
MM, 930, 2122, 0
MM, 924, 2122, 0
MM, 921, 2122, 0
MM, 918, 2122, 15
MM, 915, 2122, 0
MM, 912, 2122, 0
MM, 906, 2122, 0
MM, 903, 2122, 0
MM, 900, 2122, 0
MM, 897, 2122, 0
MM, 893, 2122, 16
MM, 890, 2122, 0
MM, 889, 2122, 0
MM, 886, 2122, 0
MM, 884, 2122, 0
MM, 881, 2122, 0
MM, 880, 2122, 0
MM, 877, 2122, 0
MM, 872, 2122, 15
MM, 869, 2122, 0
MM, 866, 2122, 0
MM, 865, 2122, 0
MM, 862, 2122, 0
MM, 858, 2122, 0
MM, 855, 2122, 0
MM, 852, 2122, 16
MM, 851, 2122, 0
MM, 848, 2122, 0
MM, 846, 2122, 0
MM, 845, 2122, 0
MM, 842, 2122, 0
MM, 840, 2122, 0
MM, 839, 2122, 16
MM, 837, 2122, 0
MM, 836, 2122, 0
MM, 835, 2122, 0
MM, 833, 2122, 15
MM, 832, 2122, 31
MP, 1, 848
MR, 1, 235
MC, 1, 0
MM, 834, 2122, 250
MM, 834, 2123, 15
MM, 835, 2123, 0
MM, 836, 2123, 94
MM, 838, 2123, 0
MM, 839, 2123, 16
MM, 841, 2123, 0
MM, 842, 2123, 0
MM, 844, 2122, 0
MM, 847, 2122, 0
MM, 848, 2120, 0
MM, 849, 2119, 15
MM, 851, 2117, 0
MM, 852, 2117, 0
MM, 855, 2117, 0
MM, 857, 2117, 0
MM, 858, 2116, 0
MM, 880, 2235, 2203
MM, 764, 2181, 0
MM, 715, 2483, 0
MM, 643, 2496, 0
MM, 550, 2395, 0
MM, 507, 2274, 0
MM, 438, 2231, 0
MM, 378, 2166, 0
MM, 341, 2398, 0
MM, 276, 2510, 0
MM, 181, 2427, 0
MM, 131, 2303, 0
MM, 74, 2228, 0
MM, -5, 2198, 0
MM, -24, 2279, 0
MM, -60, 2517, 0
MM, -94, 2454, 0
MM, -62, 2329, 0
MM, -48, 2236, 0
MM, -97, 2230, 0
MM, -6, 2155, 15
MM, -55, 2502, 0
MM, -87, 2476, 0
MM, -77, 2365, 0
MM, -43, 2249, 0
MM, -87, 2238, 0
MM, -30, 2138, 0
MM, -35, 2386, 0
MM, -72, 2496, 0
MM, -92, 2395, 0
MM, -44, 2273, 0
MM, -68, 2232, 0
MM, -61, 2166, 0
MM, -18, 2287, 0
MM, -65, 2511, 0
MM, -94, 2426, 0
MM, -51, 2303, 0
MM, -56, 2228, 0
MM, -80, 2199, 0
MM, 2, 2165, 0
MM, -58, 2517, 0
MM, -94, 2454, 0
MM, -62, 2329, 0
MM, -47, 2236, 0
MM, -98, 2230, 0
MM, 0, 2122, 0
MM, 9, 2116, 0
MM, 10, 2114, 0
MM, 12, 2113, 0
MM, 13, 2111, 0
MM, 14, 2110, 16
MM, 16, 2109, 0
MM, 17, 2107, 0
MM, 20, 2106, 0
MM, 22, 2104, 0
MM, 23, 2103, 0
MM, 25, 2101, 0
MM, 26, 2098, 16
MM, 28, 2097, 0
MM, 29, 2094, 0
MM, 31, 2090, 0
MM, 33, 2087, 0
MM, 33, 2084, 0
MM, 34, 2080, 0
MM, 34, 2074, 15
MM, 36, 2070, 0
MM, 38, 2067, 0
MM, 39, 2064, 0
MM, 39, 2060, 0
MM, 41, 2057, 0
MM, 41, 2054, 0
MM, 43, 2050, 0
MM, 43, 2047, 16
MM, 45, 2044, 0
MM, 45, 2040, 4
MM, 46, 2039, 2
MM, 48, 2036, 2
MM, 48, 2031, 3
MM, 49, 2027, 2
MM, 51, 2022, 2
MM, 53, 2016, 2
MM, 55, 2009, 2
MM, 57, 2003, 2
MM, 59, 1995, 1
MM, 60, 1990, 3
MM, 64, 1982, 1
MM, 66, 1974, 2
MM, 68, 1966, 2
MM, 72, 1958, 4
MM, 77, 1950, 2
MM, 81, 1942, 3
MM, 85, 1933, 1
MM, 89, 1922, 1
MM, 94, 1911, 1
MM, 101, 1899, 3
MM, 107, 1891, 1
MM, 114, 1879, 2
MM, 121, 1870, 3
MM, 128, 1858, 2
MM, 137, 1846, 2
MM, 152, 1820, 4
MM, 161, 1808, 1
MM, 171, 1796, 2
MM, 181, 1784, 2
MM, 188, 1772, 2
MM, 197, 1760, 2
MM, 207, 1745, 2
MM, 214, 1734, 3
MM, 224, 1722, 3
MM, 234, 1710, 1
MM, 240, 1701, 1
MM, 247, 1689, 2
MM, 254, 1681, 2
MM, 263, 1671, 3
MM, 269, 1663, 2
MM, 273, 1655, 2
MM, 280, 1646, 3
MM, 286, 1637, 1
MM, 292, 1631, 5
MM, 304, 1620, 2
MM, 309, 1614, 1
MM, 313, 1608, 2
MM, 319, 1605, 2
MM, 323, 1599, 1
MM, 326, 1595, 2
MM, 332, 1592, 3
MM, 337, 1586, 2
MM, 341, 1582, 2
MM, 345, 1579, 2
MM, 348, 1575, 1
MM, 352, 1572, 2
MM, 357, 1568, 3
MM, 361, 1564, 1
MM, 364, 1561, 2
MM, 370, 1557, 3
MM, 374, 1554, 2
MM, 377, 1552, 2
MM, 381, 1548, 2
MM, 386, 1547, 1
MM, 389, 1545, 2
MM, 393, 1541, 2
MM, 397, 1538, 2
MM, 400, 1536, 2
MM, 406, 1534, 2
MM, 409, 1532, 3
MM, 412, 1531, 2
MM, 418, 1529, 2
MM, 421, 1525, 2
MM, 427, 1524, 2
MM, 430, 1522, 1
MM, 436, 1520, 3
MM, 439, 1518, 1
MM, 445, 1516, 2
MM, 450, 1515, 2
MM, 456, 1513, 3
MM, 459, 1511, 2
MM, 465, 1509, 2
MM, 470, 1507, 2
MM, 476, 1506, 1
MM, 481, 1504, 0
MM, 487, 1502, 0
MM, 490, 1500, 0
MM, 493, 1500, 0
MM, 499, 1498, 0
MM, 504, 1497, 0
MM, 510, 1497, 0
MM, 513, 1497, 15
MM, 516, 1495, 0
MM, 521, 1495, 0
MM, 527, 1495, 0
MM, 530, 1493, 0
MM, 533, 1493, 0
MM, 537, 1493, 0
MM, 540, 1493, 16
MM, 543, 1493, 0
MM, 546, 1491, 0
MM, 550, 1491, 0
MM, 551, 1491, 0
MM, 554, 1491, 0
MM, 555, 1491, 0
MM, 557, 1491, 16
MM, 558, 1491, 0
MM, 560, 1491, 0
MM, 561, 1491, 0
MM, 563, 1491, 31
MM, 564, 1491, 0
MM, 565, 1492, 0
MM, 569, 1493, 0
MM, 570, 1495, 0
MM, 573, 1495, 16
MM, 576, 1497, 0
MM, 578, 1497, 0
MM, 581, 1498, 0
MM, 584, 1500, 0
MM, 588, 1502, 0
MM, 593, 1503, 0
MM, 597, 1505, 0
MM, 602, 1505, 15
MM, 608, 1507, 0
MM, 613, 1507, 0
MM, 616, 1509, 0
MM, 622, 1509, 0
MM, 625, 1510, 0
MM, 631, 1512, 0
MM, 637, 1512, 16
MM, 642, 1514, 0
MM, 648, 1514, 0
MM, 651, 1514, 0
MM, 656, 1514, 0
MM, 660, 1514, 0
MM, 665, 1514, 0
MM, 668, 1514, 15
MM, 673, 1514, 0
MM, 677, 1514, 0
MM, 682, 1514, 0
MM, 685, 1514, 0
MM, 690, 1514, 0
MM, 694, 1514, 0
MM, 697, 1514, 0
MM, 700, 1514, 16
MM, 703, 1514, 0
MM, 707, 1513, 0
MM, 710, 1512, 0
MM, 712, 1512, 0
MM, 713, 1510, 0
MM, 716, 1510, 0
MM, 717, 1510, 17
MM, 719, 1511, 34
MM, 719, 1512, 2
MM, 719, 1513, 2
MM, 720, 1517, 2
MM, 720, 1518, 2
MM, 720, 1521, 1
MM, 722, 1524, 2
MM, 724, 1528, 2
MM, 724, 1533, 2
MM, 726, 1537, 2
MM, 727, 1542, 2
MM, 729, 1548, 3
MM, 729, 1553, 2
MM, 731, 1558, 2
MM, 735, 1569, 4
MM, 737, 1575, 1
MM, 738, 1580, 3
MM, 740, 1586, 2
MM, 742, 1593, 1
MM, 744, 1597, 2
MM, 746, 1605, 1
MM, 762, 1646, 16
MM, 765, 1649, 0
MM, 767, 1651, 0
MM, 768, 1654, 0
MM, 770, 1655, 0
MM, 771, 1658, 0
MM, 773, 1660, 16
MM, 773, 1661, 0
MM, 776, 1664, 0
MM, 780, 1668, 0
MM, 783, 1670, 0
MM, 785, 1673, 12
MM, 788, 1675, 3
MM, 792, 1676, 1
MM, 795, 1678, 2
MM, 800, 1680, 1
MM, 804, 1682, 2
MM, 809, 1684, 2
MM, 815, 1685, 2
MM, 820, 1687, 2
MM, 826, 1689, 2
MM, 831, 1691, 3
MM, 839, 1693, 2
MM, 847, 1695, 2
MM, 854, 1697, 2
MM, 862, 1697, 2
MM, 869, 1697, 2
MM, 880, 1699, 1
MM, 891, 1701, 2
MM, 901, 1701, 2
MM, 912, 1703, 3
MM, 932, 1703, 4
MM, 946, 1703, 2
MM, 959, 1703, 2
MM, 973, 1703, 2
MM, 987, 1703, 2
MM, 1003, 1703, 1
MM, 1020, 1703, 2
MM, 1034, 1703, 2
MM, 1051, 1703, 2
MM, 1067, 1703, 2
MM, 1087, 1703, 2
MM, 1107, 1703, 2
MM, 1128, 1703, 3
MM, 1148, 1703, 2
MM, 1171, 1703, 2
MM, 1194, 1703, 2
MM, 1218, 1703, 2
MM, 1244, 1703, 2
MM, 1271, 1703, 0
MM, 1297, 1703, 0
MM, 1327, 1703, 0
MM, 1354, 1701, 0
MM, 1384, 1699, 0
MM, 1414, 1696, 0
MM, 1447, 1693, 0
MM, 1507, 1688, 15
MM, 1538, 1685, 0
MM, 1571, 1682, 0
MM, 1604, 1679, 0
MM, 1634, 1674, 0
MM, 1668, 1671, 0
MM, 1701, 1665, 0
MM, 1735, 1660, 16
MM, 1768, 1654, 0
MM, 1802, 1646, 0
MM, 1833, 1638, 0
MM, 1863, 1626, 0
MM, 1894, 1615, 0
MM, 1928, 1607, 0
MM, 1958, 1598, 0
MM, 1986, 1587, 16
MM, 2013, 1576, 0
MM, 2041, 1565, 0
MM, 2065, 1555, 0
MM, 2093, 1544, 0
MM, 2117, 1530, 0
MM, 2142, 1519, 0
MM, 2166, 1508, 0
MM, 2191, 1494, 15
MM, 2215, 1484, 0
MM, 2240, 1473, 0
MM, 2267, 1462, 0
MM, 2292, 1451, 0
MM, 2313, 1440, 0
MM, 2334, 1430, 0
MM, 2355, 1419, 16
MM, 2376, 1411, 0
MM, 2398, 1401, 0
MM, 2416, 1390, 0
MM, 2430, 1383, 0
MM, 2448, 1375, 0
MM, 2463, 1368, 0
MM, 2478, 1360, 0
MM, 2493, 1353, 16
MM, 2504, 1346, 0
MM, 2516, 1339, 0
MM, 2527, 1335, 0
MM, 2536, 1328, 0
MM, 2545, 1322, 0
MM, 2553, 1317, 0
MM, 2561, 1311, 0
MM, 2570, 1307, 15
MM, 2575, 1303, 0
MM, 2581, 1299, 0
MM, 2585, 1296, 0
MM, 2588, 1294, 0
MM, 2591, 1292, 0
MM, 2593, 1289, 0
MM, 2596, 1287, 0
MM, 2599, 1284, 16
MM, 2601, 1281, 0
MM, 2602, 1280, 0
MM, 2604, 1278, 0
MM, 2604, 1277, 0
MM, 2605, 1277, 0
MM, 2605, 1276, 0
MM, 2605, 1274, 15
MM, 2605, 1273, 0
MM, 2605, 1271, 0
MM, 2605, 1270, 0
MM, 2605, 1268, 0
MM, 2605, 1265, 0
MM, 2605, 1262, 16
MM, 2605, 1261, 0
MM, 2603, 1259, 0
MM, 2602, 1258, 0
MM, 2602, 1256, 0
MM, 2600, 1255, 0
MM, 2600, 1252, 0
MM, 2597, 1247, 16
MM, 2596, 1246, 0
MM, 2596, 1245, 0
MM, 2595, 1243, 0
MM, 2595, 1242, 0
MM, 2595, 1240, 0
MM, 2593, 1239, 15
MM, 2593, 1238, 0
MM, 2592, 1236, 0
MM, 2590, 1235, 0
MM, 2589, 1233, 0
MM, 2589, 1232, 0
MM, 2588, 1230, 0
MM, 2588, 1229, 0
MM, 2586, 1228, 16
MM, 2585, 1224, 0
MM, 2585, 1223, 0
MM, 2583, 1222, 0
MM, 2582, 1220, 0
MM, 2580, 1217, 0
MM, 2579, 1216, 0
MM, 2577, 1214, 0
MM, 2576, 1211, 16
MM, 2574, 1210, 0
MM, 2574, 1207, 0
MM, 2573, 1205, 0
MM, 2570, 1202, 0
MM, 2568, 1201, 0
MM, 2567, 1199, 0
MM, 2565, 1198, 0
MM, 2564, 1196, 16
MM, 2561, 1195, 2
MM, 2559, 1193, 2
MM, 2558, 1190, 2
MM, 2556, 1189, 3
MM, 2553, 1186, 2
MM, 2550, 1182, 2
MM, 2548, 1181, 2
MM, 2545, 1179, 1
MM, 2542, 1177, 3
MM, 2538, 1176, 1
MM, 2535, 1174, 2
MM, 2533, 1172, 2
MM, 2530, 1171, 2
MM, 2527, 1169, 2
MM, 2522, 1164, 5
MM, 2518, 1162, 2
MM, 2515, 1161, 2
MM, 2512, 1159, 2
MM, 2508, 1157, 2
MM, 2503, 1155, 1
MM, 2497, 1154, 2
MM, 2492, 1150, 2
MM, 2488, 1146, 2
MM, 2482, 1143, 2
MM, 2479, 1141, 2
MM, 2473, 1139, 2
MM, 2470, 1135, 2
MM, 2464, 1132, 3
MM, 2459, 1130, 2
MM, 2453, 1128, 2
MM, 2448, 1124, 2
MM, 2442, 1122, 2
MM, 2439, 1119, 1
MM, 2428, 1113, 4
MM, 2422, 1112, 2
MM, 2419, 1110, 2
MM, 2415, 1106, 3
MM, 2410, 1104, 1
MM, 2406, 1103, 2
MM, 2403, 1099, 2
MM, 2399, 1097, 3
MM, 2398, 1096, 2
MM, 2395, 1094, 2
MM, 2393, 1093, 2
MM, 2392, 1092, 2
MM, 2390, 1092, 2
MM, 2389, 1090, 1
MM, 2388, 1090, 2
MM, 2386, 1089, 2
MM, 2385, 1087, 2
MM, 2385, 1086, 2
MM, 2383, 1086, 2
MM, 2383, 1085, 5
MM, 2382, 1085, 2
MM, 2382, 1083, 2
MM, 2382, 1082, 2
MM, 2380, 1080, 0
MM, 2380, 1079, 0
MM, 2379, 1079, 0
MM, 2379, 1077, 0
MM, 2379, 1076, 15
MM, 2378, 1075, 0
MM, 2378, 1073, 0
MM, 2378, 1072, 0
MM, 2378, 1070, 0
MM, 2376, 1069, 16
MM, 2376, 1067, 0
MM, 2375, 1066, 0
MM, 2375, 1065, 0
MM, 2375, 1063, 0
MM, 2375, 1062, 16
MM, 2375, 1060, 0
MM, 2375, 1059, 0
MM, 2375, 1057, 0
MM, 2375, 1056, 0
MM, 2375, 1055, 0
MM, 2384, 934, 187
MM, 2380, 905, 0
MM, 2378, 902, 0
MM, 2378, 900, 0
MM, 2377, 900, 16
MM, 2377, 899, 0
MM, 2377, 897, 15
MM, 2377, 896, 0
MM, 2377, 895, 16
MM, 2375, 893, 0
MM, 2375, 892, 16
MM, 2374, 890, 0
MM, 2374, 889, 0
MM, 2373, 887, 0
MM, 2373, 886, 0
MM, 2373, 885, 0
MM, 2371, 883, 15
MM, 2371, 882, 0
MM, 2370, 880, 0
MM, 2370, 879, 0
MM, 2370, 876, 0
MM, 2368, 874, 0
MM, 2368, 871, 16
MM, 2367, 870, 0
MM, 2365, 869, 0
MM, 2365, 866, 0
MM, 2364, 864, 0
MM, 2364, 863, 15
MM, 2364, 860, 0
MM, 2364, 858, 0
MM, 2364, 857, 0
MM, 2362, 854, 0
MM, 2362, 852, 0
MM, 2361, 851, 0
MM, 2361, 848, 16
MM, 2360, 846, 0
MM, 2360, 845, 0
MM, 2358, 844, 0
MM, 2358, 842, 0
MM, 2357, 839, 0
MM, 2357, 838, 0
MM, 2355, 836, 0
MM, 2354, 835, 16
MM, 2354, 832, 0
MM, 2354, 830, 0
MM, 2354, 829, 0
MM, 2352, 827, 0
MM, 2352, 824, 0
MM, 2351, 823, 0
MM, 2349, 820, 15
MM, 2349, 819, 0
MM, 2348, 817, 0
MM, 2348, 816, 0
MM, 2348, 814, 0
MM, 2348, 813, 0
MM, 2347, 811, 16
MM, 2347, 810, 0
MM, 2347, 809, 0
MM, 2345, 807, 0
MM, 2345, 806, 0
MM, 2345, 806, 156
MM, 2345, 808, 0
MM, 2345, 809, 0
MM, 2345, 812, 16
MM, 2345, 815, 0
MM, 2345, 818, 0
MM, 2345, 819, 0
MM, 2345, 822, 0
MM, 2345, 824, 15
MM, 2345, 827, 0
MM, 2343, 830, 0
MM, 2343, 832, 0
MM, 2343, 835, 16
MM, 2343, 836, 0
MM, 2343, 839, 0
MM, 2343, 841, 0
MM, 2343, 842, 0
MM, 2343, 843, 16
MM, 2343, 845, 0
MM, 2343, 846, 0
MM, 2343, 848, 0
MM, 2343, 849, 0
MM, 2343, 851, 15
MM, 2343, 852, 0
MM, 2343, 855, 16
MM, 2343, 856, 0
MM, 2343, 859, 15
MM, 2343, 861, 0
MM, 2343, 862, 16
MM, 2343, 864, 0
MM, 2343, 865, 0
MM, 2343, 866, 0
MM, 2343, 868, 16
MM, 2344, 869, 0
MM, 2345, 871, 0
MM, 2345, 872, 15
MM, 2345, 874, 16
MP, 1, 172
MR, 1, 93
MC, 1, 0
