********************************************************************************
LOGGING TIME: 20201015_154712
CLIENT IP: 192.168.1.9
USERNAME: Daiveek Sai P
OS: Windows 10
ARCHITECTURE: amd64
VERSION: 10.0
RESOLUTION: 1536.0 864.0
********************************************************************************
MM, 2247, 1093, 1602022873389
MM, 2244, 1092, 7
MM, 2241, 1092, 1
MM, 2239, 1090, 1
MM, 2236, 1089, 2
MM, 2235, 1087, 2
MM, 2232, 1087, 2
MM, 2229, 1086, 2
MM, 2223, 1084, 2
MM, 2220, 1082, 2
MM, 2214, 1080, 2
MM, 2209, 1078, 2
MM, 2203, 1075, 2
MM, 2197, 1071, 2
MM, 2192, 1069, 2
MM, 2184, 1063, 2
MM, 2178, 1059, 2
MM, 2170, 1053, 2
MM, 2161, 1044, 2
MM, 2151, 1032, 2
MM, 2142, 1023, 2
MM, 2135, 1008, 2
MM, 2125, 993, 2
MM, 2114, 975, 2
MM, 2104, 954, 2
MM, 2093, 929, 2
MM, 2079, 908, 2
MM, 2068, 880, 2
MM, 2060, 853, 2
MM, 2049, 825, 2
MM, 2027, 770, 4
MM, 2019, 743, 2
MM, 2011, 716, 2
MM, 2003, 691, 2
MM, 1995, 667, 2
MM, 1987, 643, 2
MM, 1978, 616, 2
MM, 1973, 592, 2
MM, 1965, 568, 2
MM, 1960, 544, 2
MM, 1957, 517, 2
MM, 1959, 497, 2
MM, 1967, 469, 2
MM, 1975, 442, 2
MM, 1986, 414, 2
MM, 1997, 387, 2
MM, 2011, 356, 2
MM, 2025, 328, 2
MM, 2039, 300, 2
MM, 2053, 269, 2
MM, 2064, 245, 2
MM, 2075, 221, 2
MM, 2088, 196, 2
MM, 2099, 175, 2
MM, 2110, 154, 2
MM, 2120, 135, 2
MM, 2128, 114, 2
MM, 2138, 96, 2
MM, 2166, 48, 7
MM, 2175, 36, 1
MM, 2183, 25, 2
MM, 2192, 13, 2
MM, 2202, 1, 2
MM, 2211, -11, 2
MM, 2220, -9, 2
MM, 2229, -9, 2
MM, 2238, -9, 2
MM, 2247, -9, 2
MM, 2256, -7, 2
MM, 2265, -6, 2
MM, 2274, -7, 2
MM, 2282, -7, 2
MM, 2291, -6, 2
MM, 2299, -4, 3
MM, 2308, -7, 1
MM, 2317, -6, 2
MM, 2328, -7, 2
MM, 2340, -7, 2
MM, 2349, -7, 2
MM, 2357, -6, 2
MM, 2372, -8, 2
MM, 2380, -4, 2
MM, 2389, -6, 2
MM, 2395, -4, 2
MM, 2398, -4, 2
MM, 2402, -3, 3
MM, 2403, -2, 1
MM, 2406, -1, 2
MM, 2408, -1, 2
MM, 2409, 0, 2
MM, 2410, 0, 2
MM, 2412, -2, 2
MM, 2413, 0, 2
MM, 2415, 0, 6
MM, 2416, 1, 30
MM, 2418, 2, 4
MM, 2419, 3, 2
MM, 2421, 6, 2
MM, 2422, 8, 2
MM, 2424, 11, 2
MM, 2427, 15, 2
MM, 2429, 18, 2
MM, 2431, 21, 2
MM, 2434, 27, 2
MM, 2438, 33, 2
MM, 2442, 38, 2
MM, 2447, 44, 2
MM, 2451, 50, 3
MM, 2455, 55, 1
MM, 2461, 61, 2
MM, 2470, 70, 2
MM, 2474, 78, 2
MM, 2480, 87, 2
MM, 2487, 96, 2
MM, 2493, 101, 2
MM, 2498, 107, 2
MM, 2504, 113, 2
MM, 2510, 119, 2
MM, 2516, 125, 2
MM, 2520, 130, 2
MM, 2523, 136, 2
MM, 2527, 141, 2
MM, 2531, 145, 2
MM, 2536, 154, 4
MM, 2540, 158, 2
MM, 2541, 159, 2
MM, 2543, 162, 2
MM, 2544, 164, 2
MM, 2545, 165, 6
MM, 2545, 166, 4
MM, 2547, 168, 46
MM, 2547, 169, 8
MM, 2548, 171, 2
MM, 2548, 174, 2
MM, 2550, 175, 4
MM, 2551, 178, 2
MM, 2551, 180, 2
MM, 2553, 181, 2
MM, 2553, 184, 2
MM, 2553, 185, 2
MM, 2554, 187, 2
MM, 2554, 188, 2
MM, 2556, 190, 2
MM, 2556, 191, 2
MM, 2557, 193, 2
MM, 2557, 196, 2
MM, 2557, 197, 2
MM, 2559, 200, 2
MM, 2559, 203, 2
MM, 2559, 207, 2
MM, 2559, 210, 2
MM, 2559, 213, 3
MM, 2559, 216, 2
MM, 2560, 220, 1
MM, 2560, 223, 3
MM, 2560, 226, 4
MM, 2560, 231, 0
MM, 2560, 235, 1
MM, 2560, 238, 2
MM, 2560, 243, 2
MM, 2560, 246, 2
MM, 2560, 252, 2
MM, 2560, 255, 2
MM, 2559, 260, 2
MM, 2556, 266, 2
MM, 2554, 271, 2
MM, 2552, 277, 2
MM, 2550, 282, 2
MM, 2548, 288, 2
MM, 2547, 293, 2
MM, 2545, 299, 2
MM, 2543, 304, 2
MM, 2541, 310, 2
MM, 2537, 315, 2
MM, 2535, 321, 2
MM, 2534, 326, 2
MM, 2530, 334, 2
MM, 2528, 340, 2
MM, 2526, 348, 2
MM, 2522, 353, 2
MM, 2520, 361, 2
MM, 2518, 366, 2
MM, 2517, 372, 2
MM, 2515, 377, 2
MM, 2513, 385, 2
MM, 2509, 391, 2
MM, 2505, 396, 2
MM, 2504, 402, 2
MM, 2500, 407, 2
MM, 2496, 415, 2
MM, 2492, 424, 2
MM, 2488, 429, 2
MM, 2486, 435, 2
MM, 2482, 443, 2
MM, 2478, 451, 2
MM, 2474, 459, 2
MM, 2470, 467, 2
MM, 2466, 476, 2
MM, 2462, 484, 2
MM, 2457, 492, 2
MM, 2453, 500, 2
MM, 2449, 509, 2
MM, 2445, 517, 2
MM, 2441, 528, 2
MM, 2436, 536, 2
MM, 2434, 544, 2
MM, 2430, 552, 2
MM, 2426, 561, 2
MM, 2422, 569, 2
MM, 2420, 577, 2
MM, 2416, 585, 2
MM, 2412, 590, 2
MM, 2410, 596, 2
MM, 2409, 601, 2
MM, 2407, 607, 2
MM, 2405, 612, 2
MM, 2401, 618, 2
MM, 2399, 624, 2
MM, 2398, 627, 2
MM, 2396, 630, 2
MM, 2394, 634, 2
MM, 2393, 637, 2
MM, 2391, 641, 4
MM, 2389, 642, 2
MM, 2389, 643, 2
MM, 2388, 645, 2
MM, 2388, 646, 38
MM, 2388, 648, 8
MM, 2388, 649, 2
MM, 2388, 651, 2
MM, 2387, 652, 8
MM, 2387, 655, 3
MM, 2385, 656, 5
MM, 2385, 658, 2
MM, 2385, 659, 2
MM, 2385, 661, 2
MM, 2385, 662, 4
MM, 2385, 664, 6
MM, 2385, 665, 119
MM, 2384, 666, 4
MM, 2384, 668, 2
MM, 2384, 669, 1
MM, 2384, 671, 6
MM, 2382, 671, 21
MM, 2381, 671, 382
MM, 2379, 671, 6
MM, 2378, 671, 2
MM, 2377, 671, 4
MM, 2375, 671, 2
MM, 2374, 671, 6
MM, 2372, 671, 4
MM, 2371, 671, 2
MM, 2370, 671, 2
MM, 2368, 671, 2
MM, 2367, 671, 2
MM, 2365, 671, 2
MM, 2364, 671, 2
MM, 2361, 671, 2
MM, 2359, 671, 2
MM, 2356, 671, 2
MM, 2353, 671, 2
MM, 2350, 671, 2
MM, 2344, 672, 2
MM, 2341, 672, 2
MM, 2338, 672, 2
MM, 2333, 672, 2
MM, 2327, 672, 2
MM, 2324, 672, 2
MM, 2321, 674, 2
MM, 2315, 674, 2
MM, 2312, 674, 2
MM, 2309, 674, 2
MM, 2304, 676, 2
MM, 2300, 676, 2
MM, 2297, 676, 2
MM, 2292, 676, 2
MM, 2289, 676, 2
MM, 2285, 676, 2
MM, 2282, 676, 2
MM, 2277, 676, 2
MM, 2274, 676, 2
MM, 2270, 676, 2
MM, 2267, 676, 2
MM, 2264, 676, 2
MM, 2263, 676, 2
MM, 2260, 676, 2
MM, 2254, 678, 4
MM, 2251, 678, 4
MM, 2248, 678, 2
MM, 2245, 678, 2
MM, 2243, 678, 2
MM, 2240, 678, 4
MM, 2237, 678, 2
MM, 2234, 678, 4
MM, 2232, 678, 2
MM, 2229, 678, 2
MM, 2228, 678, 2
MM, 2226, 678, 2
MM, 2223, 679, 2
MM, 2220, 679, 2
MM, 2219, 679, 2
MM, 2216, 679, 2
MM, 2212, 679, 2
MM, 2211, 679, 2
MM, 2208, 679, 2
MM, 2205, 679, 2
MM, 2202, 679, 4
MM, 2198, 679, 2
MM, 2195, 681, 4
MM, 2192, 681, 2
MM, 2189, 681, 2
MM, 2185, 681, 2
MM, 2184, 681, 2
MM, 2183, 681, 2
MM, 2181, 681, 2
MM, 2180, 681, 2
MM, 2178, 681, 2
MM, 2175, 681, 4
MM, 2174, 681, 4
MM, 2172, 681, 4
MM, 2171, 681, 2
MM, 2170, 681, 4
MM, 2168, 681, 4
MM, 2167, 681, 2
MM, 2165, 681, 6
MM, 2164, 681, 43
MM, 2162, 681, 20
MM, 2161, 679, 4
MM, 2160, 679, 4
MM, 2158, 679, 2
MM, 2157, 679, 4
MM, 2157, 678, 6
MM, 2155, 678, 2
MM, 2154, 678, 2
MM, 2152, 678, 2
MM, 2151, 678, 6
MM, 2150, 678, 4
MM, 2148, 678, 2
MM, 2147, 678, 2
MM, 2145, 678, 6
MM, 2144, 678, 18
MM, 2143, 678, 22
MP, 1, 141
MR, 1, 108
MC, 1, 0
MM, 2143, 680, 169
MM, 2143, 681, 4
MM, 2143, 683, 0
MM, 2145, 686, 3
MM, 2145, 689, 2
MM, 2145, 692, 2
MM, 2146, 696, 2
MM, 2148, 701, 2
MM, 2150, 706, 2
MM, 2152, 712, 2
MM, 2154, 717, 2
MM, 2155, 721, 2
MM, 2157, 726, 2
MM, 2159, 734, 2
MM, 2161, 740, 2
MM, 2163, 745, 2
MM, 2164, 751, 2
MM, 2167, 761, 3
MM, 2168, 766, 1
MM, 2170, 774, 2
MM, 2174, 782, 2
MM, 2176, 790, 2
MM, 2178, 798, 2
MM, 2180, 805, 2
MM, 2185, 817, 2
MM, 2189, 825, 2
MM, 2191, 833, 2
MM, 2193, 840, 2
MM, 2197, 852, 2
MM, 2199, 859, 2
MM, 2204, 871, 2
MM, 2206, 878, 2
MM, 2208, 889, 2
MM, 2210, 900, 2
MM, 2212, 911, 2
MM, 2214, 919, 2
MM, 2216, 930, 2
MM, 2219, 944, 2
MM, 2221, 954, 2
MM, 2223, 968, 1
MM, 2225, 979, 3
MM, 2227, 990, 2
MM, 2232, 1005, 2
MM, 2235, 1019, 2
MM, 2237, 1033, 2
MM, 2237, 1043, 2
MM, 2239, 1057, 2
MM, 2242, 1071, 2
MM, 2244, 1085, 3
MM, 2246, 1099, 1
MM, 2249, 1113, 1
MM, 2251, 1127, 3
MM, 2253, 1138, 2
MM, 2255, 1152, 2
MM, 2258, 1163, 2
MM, 2260, 1177, 1
MM, 2260, 1187, 2
MM, 2262, 1198, 3
MM, 2262, 1208, 2
MM, 2264, 1219, 2
MM, 2266, 1230, 2
MM, 2266, 1237, 2
MM, 2266, 1245, 2
MM, 2268, 1253, 2
MM, 2268, 1258, 2
MM, 2268, 1265, 2
MM, 2268, 1271, 2
MM, 2268, 1276, 2
MM, 2268, 1279, 2
MM, 2268, 1285, 2
MM, 2268, 1288, 2
MM, 2268, 1291, 2
MM, 2268, 1296, 2
MM, 2268, 1300, 2
MM, 2266, 1303, 2
MM, 2264, 1307, 2
MM, 2264, 1310, 2
MM, 2262, 1313, 2
MM, 2262, 1316, 3
MM, 2261, 1320, 1
MM, 2259, 1325, 2
MM, 2259, 1331, 2
MM, 2257, 1334, 2
MM, 2255, 1337, 2
MM, 2254, 1343, 2
MM, 2252, 1348, 2
MM, 2252, 1352, 2
MM, 2250, 1355, 2
MM, 2250, 1360, 2
MM, 2248, 1364, 2
MM, 2247, 1369, 2
MM, 2245, 1373, 2
MM, 2243, 1376, 2
MM, 2241, 1382, 2
MM, 2241, 1387, 3
MM, 2240, 1390, 1
MM, 2238, 1394, 2
MM, 2236, 1395, 2
MM, 2236, 1398, 2
MM, 2235, 1402, 2
MM, 2235, 1403, 2
MM, 2235, 1406, 2
MM, 2233, 1407, 2
MM, 2233, 1411, 2
MM, 2232, 1412, 2
MM, 2232, 1413, 2
MM, 2232, 1415, 4
MM, 2230, 1418, 4
MM, 2229, 1419, 2
MM, 2229, 1421, 4
MM, 2229, 1422, 4
MM, 2229, 1424, 4
MM, 2227, 1425, 1
MM, 2227, 1426, 13
MM, 2227, 1428, 4
MM, 2226, 1429, 8
MM, 2226, 1431, 2
MM, 2226, 1432, 4
MM, 2226, 1434, 2
MM, 2225, 1435, 2
MM, 2225, 1436, 2
MM, 2223, 1440, 2
MM, 2221, 1443, 2
MM, 2220, 1446, 2
MM, 2218, 1450, 2
MM, 2218, 1453, 2
MM, 2216, 1456, 2
MM, 2214, 1462, 2
MM, 2214, 1465, 2
MM, 2213, 1468, 2
MM, 2211, 1474, 2
MM, 2209, 1479, 2
MM, 2205, 1483, 2
MM, 2204, 1486, 2
MM, 2204, 1490, 2
MM, 2202, 1493, 2
MM, 2200, 1496, 2
MM, 2199, 1498, 2
MM, 2199, 1499, 2
MM, 2199, 1501, 2
MM, 2199, 1502, 2
MM, 2197, 1504, 32
MM, 2197, 1503, 8
MM, 2197, 1502, 2
MM, 2220, 1261, 2299
MM, 2226, 1217, 1
MM, 2217, 1190, 0
MM, 2201, 1166, 1
MM, 2211, 1125, 1
MM, 2220, 1106, 0
MM, 2228, 1069, 1
MM, 2236, 1019, 0
MM, 2234, 987, 2
MM, 2212, 964, 0
MM, 2218, 927, 0
MM, 2229, 903, 1
MM, 2237, 877, 1
MM, 2247, 823, 1
MM, 2250, 786, 1
MM, 2225, 763, 1
MM, 2226, 727, 1
MM, 2239, 700, 0
MM, 2245, 683, 1
MM, 2255, 626, 1
MM, 2260, 585, 1
MM, 2241, 561, 0
MM, 2234, 535, 1
MM, 2249, 498, 1
MM, 2254, 481, 0
MM, 2265, 432, 1
MM, 2271, 388, 1
MM, 2262, 362, 1
MM, 2245, 337, 0
MM, 2256, 296, 1
MM, 2264, 278, 1
MM, 2266, 271, 0
MM, 2265, 272, 25
MM, 2264, 272, 8
MM, 2262, 272, 6
MM, 2261, 274, 14
MM, 2259, 275, 2
MM, 2259, 277, 2
MM, 2258, 277, 4
MM, 2257, 278, 4
MM, 2255, 278, 2
MM, 2254, 278, 4
MM, 2254, 280, 6
MM, 2252, 280, 4
MM, 2251, 280, 6
MM, 2251, 279, 110
MM, 2251, 278, 6
MM, 2251, 275, 4
MM, 2251, 273, 8
MM, 2251, 272, 26
MM, 2251, 270, 32
MM, 2251, 271, 102
MM, 2251, 272, 2
MM, 2251, 275, 4
MM, 2251, 278, 2
MM, 2249, 282, 2
MM, 2249, 283, 2
MM, 2249, 285, 2
MM, 2249, 288, 2
MM, 2249, 291, 2
MM, 2249, 294, 2
MM, 2247, 298, 2
MM, 2246, 301, 2
MM, 2246, 304, 2
MM, 2246, 307, 2
MM, 2244, 311, 2
MM, 2244, 316, 2
MM, 2242, 322, 2
MM, 2242, 325, 2
MM, 2242, 330, 2
MM, 2242, 336, 2
MM, 2242, 341, 2
MM, 2242, 346, 2
MM, 2242, 349, 2
MM, 2242, 355, 2
MM, 2240, 360, 2
MM, 2240, 363, 2
MM, 2240, 367, 2
MM, 2239, 372, 2
MM, 2239, 375, 2
MM, 2239, 379, 2
MM, 2239, 380, 2
MM, 2239, 383, 2
MM, 2237, 384, 2
MM, 2237, 387, 2
MM, 2237, 391, 2
MM, 2237, 392, 2
MM, 2237, 395, 2
MM, 2237, 396, 2
MM, 2237, 398, 2
MM, 2237, 401, 2
MM, 2237, 402, 2
MM, 2237, 405, 2
MM, 2237, 409, 2
MM, 2237, 412, 2
MM, 2237, 415, 2
MM, 2237, 418, 2
MM, 2237, 421, 2
MM, 2235, 425, 2
MM, 2235, 428, 2
MM, 2235, 431, 1
MM, 2235, 437, 3
MM, 2235, 442, 2
MM, 2235, 445, 2
MM, 2235, 448, 1
MM, 2235, 454, 3
MM, 2235, 459, 2
MM, 2235, 464, 2
MM, 2235, 470, 2
MM, 2235, 475, 2
MM, 2235, 480, 2
MM, 2235, 486, 2
MM, 2234, 491, 2
MM, 2234, 499, 2
MM, 2232, 504, 2
MM, 2232, 509, 2
MM, 2232, 517, 2
MM, 2230, 522, 2
MM, 2230, 528, 2
MM, 2228, 533, 2
MM, 2226, 539, 2
MM, 2224, 544, 2
MM, 2223, 548, 2
MM, 2221, 553, 2
MM, 2221, 558, 2
MM, 2219, 564, 2
MM, 2217, 569, 2
MM, 2217, 575, 2
MM, 2215, 580, 2
MM, 2214, 586, 2
MM, 2210, 594, 2
MM, 2208, 599, 2
MM, 2206, 605, 2
MM, 2204, 612, 2
MM, 2202, 618, 2
MM, 2200, 623, 2
MM, 2198, 629, 2
MM, 2197, 634, 2
MM, 2195, 642, 2
MM, 2193, 648, 2
MM, 2191, 655, 2
MM, 2191, 663, 2
MM, 2189, 670, 2
MM, 2189, 676, 2
MM, 2187, 683, 2
MM, 2185, 691, 2
MM, 2183, 699, 2
MM, 2181, 706, 2
MM, 2181, 714, 2
MM, 2179, 722, 2
MM, 2179, 729, 2
MM, 2179, 737, 2
MM, 2179, 744, 2
MM, 2178, 752, 2
MM, 2178, 759, 2
MM, 2178, 767, 2
MM, 2178, 774, 2
MM, 2178, 782, 2
MM, 2176, 789, 2
MM, 2176, 797, 2
MM, 2176, 804, 2
MM, 2176, 812, 2
MM, 2176, 819, 2
MM, 2176, 827, 2
MM, 2176, 834, 2
MM, 2174, 842, 2
MM, 2174, 849, 2
MM, 2174, 857, 2
MM, 2174, 864, 2
MM, 2174, 872, 2
MM, 2174, 879, 2
MM, 2174, 887, 2
MM, 2174, 892, 2
MM, 2174, 900, 2
MM, 2175, 907, 2
MM, 2177, 915, 2
MM, 2177, 920, 2
MM, 2178, 928, 2
MM, 2178, 935, 2
MM, 2178, 943, 2
MM, 2178, 953, 2
MM, 2180, 961, 2
MM, 2180, 968, 2
MM, 2180, 976, 2
MM, 2180, 983, 2
MM, 2180, 990, 1
MM, 2180, 998, 3
MM, 2180, 1005, 2
MM, 2180, 1013, 2
MM, 2180, 1020, 2
MM, 2180, 1028, 2
MM, 2180, 1035, 2
MM, 2180, 1041, 2
MM, 2178, 1049, 2
MM, 2176, 1054, 2
MM, 2176, 1061, 2
MM, 2174, 1069, 2
MM, 2172, 1075, 2
MM, 2172, 1080, 2
MM, 2170, 1085, 2
MM, 2168, 1091, 2
MM, 2168, 1096, 2
MM, 2167, 1102, 2
MM, 2165, 1105, 2
MM, 2163, 1111, 2
MM, 2163, 1116, 1
MM, 2161, 1122, 2
MM, 2160, 1125, 3
MM, 2158, 1128, 2
MM, 2156, 1132, 2
MM, 2156, 1135, 2
MM, 2154, 1138, 2
MM, 2153, 1142, 2
MM, 2151, 1145, 2
MM, 2151, 1148, 2
MM, 2151, 1152, 2
MM, 2150, 1153, 2
MM, 2150, 1154, 2
MM, 2150, 1156, 2
MM, 2150, 1157, 4
MM, 2150, 1159, 4
MM, 2150, 1160, 10
MM, 2148, 1162, 24
MM, 2148, 1163, 36
MM, 2148, 1164, 34
MM, 2148, 1166, 16
MM, 2148, 1167, 2
MM, 2148, 1169, 4
MM, 2148, 1170, 2
MM, 2148, 1172, 2
MM, 2148, 1173, 4
MM, 2148, 1174, 2
MM, 2148, 1177, 2
MM, 2148, 1181, 4
MM, 2148, 1182, 2
MM, 2148, 1183, 2
MM, 2148, 1185, 2
MM, 2148, 1186, 2
MM, 2148, 1188, 2
MM, 2148, 1189, 4
MM, 2148, 1191, 2
MM, 2148, 1192, 8
MM, 2149, 1193, 72
MM, 2150, 1197, 4
MM, 2150, 1198, 2
MM, 2152, 1201, 2
MM, 2155, 1206, 4
MM, 2155, 1209, 4
MM, 2156, 1212, 2
MM, 2158, 1216, 2
MM, 2160, 1219, 2
MM, 2160, 1222, 2
MM, 2161, 1224, 2
MM, 2163, 1227, 2
MM, 2164, 1230, 2
MM, 2164, 1233, 2
MM, 2166, 1235, 2
MM, 2166, 1236, 2
MM, 2166, 1239, 2
MM, 2167, 1241, 4
MM, 2169, 1242, 4
MM, 2169, 1244, 4
MM, 2169, 1245, 2
MM, 2169, 1246, 65
MM, 2169, 1248, 2
MM, 2170, 1249, 9
MM, 2170, 1251, 1
MM, 2172, 1251, 29
MM, 2172, 1252, 64
MM, 2172, 1254, 6
MM, 2172, 1255, 2
MM, 2172, 1256, 4
MM, 2172, 1258, 22
MM, 2172, 1259, 72
MM, 2173, 1261, 4
MM, 2174, 1261, 12
MM, 2174, 1262, 6
MM, 2176, 1262, 30
MP, 1, 62
MR, 1, 109
MC, 1, 0
MM, 2177, 1260, 157
MM, 2179, 1259, 2
MM, 2179, 1257, 2
MM, 2180, 1256, 2
MM, 2182, 1253, 2
MM, 2182, 1250, 2
MM, 2183, 1248, 2
MM, 2185, 1245, 2
MM, 2187, 1240, 2
MM, 2188, 1234, 2
MM, 2192, 1231, 2
MM, 2194, 1225, 2
MM, 2196, 1220, 2
MM, 2200, 1212, 2
MM, 2203, 1206, 2
MM, 2205, 1200, 2
MM, 2207, 1195, 2
MM, 2209, 1189, 2
MM, 2213, 1182, 2
MM, 2215, 1176, 2
MM, 2216, 1171, 2
MM, 2220, 1163, 2
MM, 2222, 1157, 2
MM, 2224, 1152, 2
MM, 2226, 1146, 2
MM, 2228, 1141, 2
MM, 2230, 1135, 2
MM, 2233, 1129, 2
MM, 2235, 1122, 2
MM, 2237, 1116, 2
MM, 2239, 1111, 2
MM, 2241, 1105, 2
MM, 2243, 1100, 2
MM, 2244, 1094, 2
MM, 2244, 1089, 2
MM, 2246, 1086, 2
MM, 2248, 1080, 2
MM, 2250, 1077, 2
MM, 2251, 1073, 2
MM, 2253, 1070, 2
MM, 2255, 1066, 2
MM, 2256, 1063, 2
MM, 2256, 1060, 2
MM, 2258, 1054, 2
MM, 2260, 1051, 2
MM, 2262, 1047, 2
MM, 2262, 1044, 2
MM, 2262, 1041, 2
MM, 2263, 1038, 2
MM, 2265, 1034, 2
MM, 2267, 1033, 2
MM, 2268, 1030, 2
MM, 2270, 1024, 2
MM, 2271, 1023, 2
MM, 2273, 1020, 2
MM, 2275, 1016, 2
MM, 2276, 1011, 2
MM, 2278, 1007, 2
MM, 2278, 1004, 2
MM, 2280, 1001, 2
MM, 2282, 997, 2
MM, 2283, 992, 2
MM, 2285, 988, 2
MM, 2287, 983, 2
MM, 2287, 980, 2
MM, 2289, 974, 2
MM, 2291, 971, 2
MM, 2291, 968, 2
MM, 2292, 960, 2
MM, 2294, 957, 2
MM, 2296, 953, 2
MM, 2298, 950, 2
MM, 2298, 946, 2
MM, 2299, 943, 2
MM, 2301, 940, 2
MM, 2301, 936, 2
MM, 2303, 933, 2
MM, 2304, 930, 2
MM, 2306, 924, 2
MM, 2308, 921, 2
MM, 2308, 918, 2
MM, 2310, 914, 2
MM, 2310, 911, 2
MM, 2311, 907, 2
MM, 2313, 904, 2
MM, 2313, 901, 2
MM, 2313, 898, 2
MM, 2315, 894, 4
MM, 2315, 891, 2
MM, 2316, 890, 2
MM, 2316, 888, 2
MM, 2318, 885, 2
MM, 2319, 882, 2
MM, 2319, 880, 2
MM, 2319, 877, 2
MM, 2319, 876, 2
MM, 2321, 873, 2
MM, 2321, 871, 2
MM, 2322, 870, 2
MM, 2322, 867, 2
MM, 2322, 865, 2
MM, 2324, 864, 2
MM, 2324, 863, 2
MM, 2325, 861, 2
MM, 2325, 860, 2
MM, 2327, 858, 1
MM, 2327, 857, 2
MM, 2328, 855, 2
MM, 2328, 854, 2
MM, 2328, 853, 4
MM, 2328, 851, 2
MM, 2330, 850, 2
MM, 2330, 847, 2
MM, 2331, 845, 2
MM, 2331, 842, 4
MM, 2331, 841, 2
MM, 2331, 839, 2
MM, 2331, 838, 6
MM, 2332, 837, 4
MM, 2332, 835, 43
MP, 1, 217
MR, 1, 110
MC, 1, 0
MM, 2332, 836, 110
MM, 2332, 837, 2
MM, 2332, 838, 4
MM, 2332, 841, 5
MM, 2332, 843, 4
MM, 2332, 844, 2
MM, 2332, 846, 4
MM, 2332, 847, 4
MM, 2332, 849, 6
MM, 2332, 850, 4
MM, 2332, 851, 8
MM, 2332, 853, 4
MM, 2332, 854, 16
MM, 2332, 856, 6
MM, 2332, 857, 6
MM, 2332, 859, 6
MM, 2332, 860, 14
MP, 1, 80
MR, 1, 104
MC, 2, 0
MM, 2332, 861, 26
MM, 2331, 861, 2
MM, 2328, 861, 4
MM, 2326, 861, 2
MM, 2325, 861, 1
MM, 2322, 861, 2
MM, 2318, 863, 2
MM, 2315, 863, 4
MM, 2312, 863, 2
MM, 2310, 864, 2
MM, 2309, 864, 2
MM, 2308, 864, 2
MM, 2306, 864, 2
MM, 2305, 866, 2
MM, 2303, 866, 2
MM, 2300, 866, 2
MM, 2297, 868, 2
MM, 2293, 869, 2
MM, 2290, 869, 2
MM, 2287, 871, 2
MM, 2284, 871, 2
MM, 2280, 873, 2
MM, 2277, 873, 2
MM, 2272, 875, 2
MM, 2268, 876, 2
MM, 2265, 876, 2
MM, 2259, 878, 2
MM, 2256, 880, 2
MM, 2251, 882, 2
MM, 2245, 882, 2
MM, 2240, 883, 2
MM, 2234, 883, 2
MM, 2231, 885, 2
MM, 2228, 885, 2
MM, 2225, 885, 2
MM, 2221, 885, 2
MM, 2218, 887, 2
MM, 2215, 887, 3
MM, 2212, 887, 2
MM, 2210, 887, 2
MM, 2207, 887, 2
MM, 2206, 887, 2
MM, 2204, 887, 4
MM, 2203, 887, 4
MM, 2201, 887, 4
MM, 2200, 887, 8
MM, 2199, 887, 2
MM, 2197, 887, 12
MM, 2196, 887, 4
MM, 2194, 887, 4
MM, 2193, 887, 22
MM, 2191, 887, 4
MM, 2190, 887, 6
MM, 2189, 887, 8
MM, 2187, 886, 2
MM, 2186, 885, 4
MM, 2184, 885, 2
MM, 2183, 885, 1
MM, 2181, 884, 2
MM, 2180, 884, 2
MM, 2180, 882, 2
MM, 2179, 882, 2
MM, 2177, 882, 2
MM, 2176, 882, 4
MM, 2174, 881, 2
MM, 2173, 879, 2
MM, 2170, 878, 2
MM, 2167, 878, 2
MM, 2165, 878, 2
MM, 2162, 876, 2
MM, 2161, 876, 2
MM, 2159, 875, 2
MM, 2156, 873, 2
MM, 2155, 872, 2
MM, 2152, 870, 2
MM, 2148, 870, 2
MM, 2147, 870, 2
MM, 2144, 870, 3
MM, 2142, 870, 1
MM, 2139, 869, 2
MM, 2138, 867, 2
MM, 2136, 867, 3
MM, 2135, 866, 1
MM, 2134, 866, 2
MM, 2132, 866, 2
MM, 2131, 864, 4
MM, 2129, 864, 37
MM, 2128, 864, 18
MM, 2127, 864, 8
MM, 2125, 864, 8
MM, 2124, 864, 12
MM, 2124, 863, 4
MM, 2124, 862, 34
MP, 1, 41
MR, 1, 101
MC, 1, 0
MM, 2122, 862, 56
MM, 2122, 862, 4
MM, 2122, 863, 4
MM, 2122, 865, 2
MM, 2122, 868, 2
MM, 2122, 869, 2
MM, 2122, 872, 2
MM, 2122, 874, 2
MM, 2122, 877, 2
MM, 2122, 880, 2
MM, 2122, 883, 2
MM, 2122, 886, 2
MM, 2122, 892, 2
MM, 2122, 897, 2
MM, 2122, 902, 2
MM, 2122, 906, 2
MM, 2122, 911, 2
MM, 2122, 916, 2
MM, 2123, 922, 1
MM, 2125, 929, 2
MM, 2127, 933, 2
MM, 2129, 938, 2
MM, 2130, 944, 2
MM, 2132, 949, 2
MM, 2136, 955, 3
MM, 2138, 960, 2
MM, 2139, 964, 1
MM, 2141, 969, 3
MM, 2143, 975, 1
MM, 2145, 980, 2
MM, 2147, 986, 2
MM, 2151, 991, 2
MM, 2152, 997, 2
MM, 2156, 1003, 2
MM, 2158, 1008, 2
MM, 2162, 1014, 2
MM, 2164, 1019, 2
MM, 2167, 1025, 2
MM, 2169, 1032, 2
MM, 2171, 1040, 2
MM, 2173, 1048, 2
MM, 2175, 1056, 2
MM, 2177, 1063, 2
MM, 2179, 1071, 2
MM, 2181, 1079, 2
MM, 2183, 1086, 2
MM, 2185, 1094, 2
MM, 2187, 1105, 2
MM, 2187, 1112, 3
MM, 2187, 1122, 3
MM, 2189, 1133, 1
MM, 2189, 1141, 1
MM, 2189, 1151, 2
MM, 2189, 1161, 3
MM, 2189, 1169, 1
MM, 2191, 1176, 2
MM, 2191, 1184, 3
MM, 2191, 1194, 1
MM, 2191, 1201, 3
MM, 2191, 1209, 1
MM, 2191, 1216, 2
MM, 2191, 1221, 3
MM, 2191, 1227, 2
MM, 2190, 1232, 2
MM, 2188, 1238, 2
MM, 2187, 1241, 2
MM, 2185, 1245, 1
MM, 2185, 1248, 3
MM, 2183, 1249, 1
MM, 2183, 1252, 2
MM, 2183, 1254, 2
MM, 2182, 1255, 2
MM, 2182, 1256, 12
MM, 2181, 1258, 793
MM, 2181, 1257, 23
MM, 2179, 1256, 2
MM, 2179, 1255, 3
MM, 2179, 1253, 17
MM, 2179, 1252, 21
MM, 2180, 1252, 2
MM, 2181, 1250, 2
MM, 2181, 1249, 2
MM, 2182, 1248, 2
MM, 2184, 1248, 2
MM, 2184, 1246, 2
MM, 2185, 1245, 2
MM, 2187, 1243, 2
MM, 2187, 1242, 2
MM, 2188, 1240, 2
MM, 2188, 1237, 1
MM, 2189, 1236, 2
MM, 2191, 1235, 2
MM, 2192, 1233, 4
MM, 2194, 1232, 2
MM, 2195, 1230, 3
MM, 2195, 1229, 5
MM, 2195, 1229, 39
MM, 2193, 1229, 3
MM, 2192, 1231, 3
MM, 2190, 1231, 2
MM, 2187, 1231, 2
MM, 2186, 1232, 2
MM, 2183, 1232, 4
MM, 2182, 1232, 2
MM, 2178, 1234, 2
MM, 2175, 1234, 2
MM, 2174, 1235, 2
MM, 2171, 1237, 2
MM, 2169, 1237, 2
MM, 2166, 1237, 2
MM, 2163, 1238, 2
MM, 2160, 1238, 2
MM, 2156, 1238, 2
MM, 2151, 1240, 2
MM, 2148, 1240, 2
MM, 2142, 1240, 2
MM, 2139, 1240, 1
MM, 2134, 1240, 3
MM, 2129, 1240, 1
MM, 2123, 1240, 3
MM, 2120, 1240, 2
MM, 2115, 1240, 1
MM, 2109, 1240, 3
MM, 2106, 1240, 2
MM, 2100, 1238, 2
MM, 2097, 1236, 2
MM, 2094, 1234, 2
MM, 2090, 1233, 1
MM, 2085, 1231, 2
MM, 2079, 1229, 2
MM, 2076, 1227, 2
MM, 2074, 1226, 2
MM, 2073, 1224, 2
MM, 2070, 1223, 2
MM, 2068, 1221, 3
MM, 2067, 1220, 2
MM, 2066, 1219, 2
MM, 2064, 1217, 2
MM, 2063, 1216, 2
MM, 2061, 1213, 2
MM, 2059, 1209, 1
MM, 2059, 1208, 3
MM, 2058, 1206, 2
MM, 2058, 1203, 2
MM, 2058, 1202, 2
MM, 2056, 1199, 2
MM, 2055, 1197, 2
MM, 2055, 1194, 2
MM, 2055, 1191, 2
MM, 2054, 1190, 2
MM, 2054, 1187, 2
MM, 2054, 1185, 2
MM, 2054, 1184, 2
MM, 2054, 1182, 2
MM, 2054, 1179, 2
MM, 2054, 1176, 4
MM, 2054, 1173, 1
MM, 2054, 1172, 2
MM, 2054, 1170, 2
MM, 2054, 1169, 3
MM, 2054, 1166, 2
MM, 2054, 1162, 2
MM, 2054, 1161, 2
MM, 2054, 1160, 2
MM, 2056, 1156, 2
MM, 2057, 1153, 2
MM, 2059, 1150, 2
MM, 2060, 1148, 2
MM, 2062, 1145, 2
MM, 2064, 1140, 2
MM, 2066, 1134, 1
MM, 2067, 1129, 4
MM, 2067, 1125, 1
MM, 2069, 1120, 2
MM, 2071, 1114, 2
MM, 2073, 1111, 2
MM, 2073, 1106, 2
MM, 2075, 1100, 2
MM, 2075, 1095, 2
MM, 2075, 1087, 2
MM, 2076, 1082, 2
MM, 2076, 1077, 2
MM, 2078, 1069, 2
MM, 2078, 1064, 2
MM, 2080, 1056, 2
MM, 2080, 1051, 2
MM, 2080, 1045, 2
MM, 2080, 1038, 2
MM, 2080, 1032, 2
MM, 2080, 1025, 2
MM, 2080, 1020, 2
MM, 2082, 1014, 2
MM, 2082, 1009, 2
MM, 2082, 1003, 2
MM, 2082, 998, 2
MM, 2082, 993, 2
MM, 2082, 987, 2
MM, 2082, 984, 2
MM, 2082, 979, 2
MM, 2084, 975, 2
MM, 2084, 970, 2
MM, 2084, 967, 2
MM, 2084, 964, 2
MM, 2084, 960, 2
MM, 2084, 955, 2
MM, 2084, 952, 2
MM, 2084, 949, 2
MM, 2083, 945, 2
MM, 2081, 942, 2
MM, 2080, 938, 2
MM, 2090, 921, 379
MM, 2111, 918, 0
MM, 2123, 901, 1
MM, 2124, 892, 1
MM, 2124, 891, 105
MM, 2126, 891, 6
MM, 2127, 889, 4
MM, 2127, 888, 2
MM, 2127, 886, 2
MM, 2127, 885, 8
MM, 2129, 883, 4
MM, 2129, 880, 2
MM, 2130, 879, 2
MM, 2130, 878, 2
MM, 2132, 876, 2
MM, 2133, 875, 4
MM, 2133, 873, 2
MM, 2133, 872, 2
MM, 2133, 870, 4
MM, 2133, 869, 2
MM, 2134, 868, 22
MP, 1, 120
MR, 1, 90
MC, 1, 0
MM, 2134, 869, 162
MM, 2133, 871, 6
MM, 2133, 872, 4
MM, 2133, 874, 2
MM, 2133, 875, 4
MM, 2133, 877, 4
MM, 2133, 880, 4
MM, 2133, 881, 4
MM, 2133, 882, 2
MM, 2134, 884, 2
MM, 2134, 885, 2
MM, 2134, 887, 1
MM, 2136, 888, 3
MM, 2136, 890, 1
MM, 2136, 891, 3
MM, 2136, 892, 2
MM, 2136, 894, 2
MM, 2136, 897, 2
MM, 2136, 898, 2
MM, 2137, 901, 2
MM, 2137, 905, 2
MM, 2139, 908, 2
MM, 2139, 911, 2
MM, 2139, 913, 2
MM, 2139, 916, 2
MM, 2139, 919, 2
MM, 2139, 920, 2
MM, 2139, 923, 2
MM, 2140, 925, 1
MM, 2140, 928, 2
MM, 2140, 931, 2
MM, 2142, 932, 3
MM, 2143, 935, 2
MM, 2145, 941, 3
MM, 2145, 944, 2
MM, 2147, 950, 2
MM, 2149, 953, 2
MM, 2151, 957, 2
MM, 2152, 960, 2
MM, 2154, 963, 2
MM, 2156, 969, 2
MM, 2157, 972, 3
MM, 2159, 976, 2
MM, 2163, 981, 2
MM, 2167, 987, 1
MM, 2171, 995, 3
MM, 2172, 1000, 2
MM, 2176, 1006, 2
MM, 2180, 1014, 2
MM, 2182, 1019, 2
MM, 2186, 1025, 2
MM, 2190, 1033, 2
MM, 2194, 1041, 2
MM, 2198, 1047, 2
MM, 2204, 1055, 2
MM, 2208, 1061, 2
MM, 2211, 1066, 2
MM, 2215, 1072, 2
MM, 2219, 1078, 2
MM, 2223, 1083, 1
MM, 2228, 1089, 2
MM, 2232, 1094, 2
MM, 2236, 1100, 3
MM, 2239, 1104, 2
MM, 2241, 1109, 2
MM, 2245, 1113, 2
MM, 2248, 1116, 2
MM, 2252, 1122, 2
MM, 2256, 1125, 2
MM, 2259, 1129, 2
MM, 2261, 1132, 2
MM, 2264, 1136, 2
MM, 2268, 1140, 2
MM, 2274, 1143, 2
MM, 2277, 1147, 2
MM, 2283, 1151, 2
MM, 2288, 1154, 2
MM, 2292, 1158, 2
MM, 2297, 1160, 2
MM, 2301, 1163, 2
MM, 2306, 1165, 2
MM, 2312, 1167, 2
MM, 2318, 1171, 2
MM, 2323, 1174, 2
MM, 2327, 1176, 2
MM, 2330, 1178, 2
MM, 2333, 1180, 2
MM, 2337, 1181, 2
MM, 2340, 1183, 2
MM, 2344, 1185, 2
MM, 2347, 1185, 2
MM, 2350, 1185, 2
MM, 2351, 1185, 4
MM, 2353, 1185, 2
MM, 2354, 1186, 34379
MM, 2366, 1181, 16693
MM, 2401, 1166, 8
MM, 2467, 1155, 7
MM, 2558, 1146, 8
MM, 2661, 1150, 6
MM, 2778, 1159, 7
MM, 2877, 1177, 8
MM, 2964, 1194, 7
MM, 3034, 1202, 7
MM, 3079, 1209, 7
MM, 3116, 1209, 8
MM, 3146, 1207, 7
MM, 3172, 1204, 7
MM, 3196, 1204, 7
MM, 3220, 1199, 7
MM, 3250, 1188, 8
MM, 3289, 1179, 7
MM, 3325, 1179, 7
MM, 3359, 1173, 7
MM, 3389, 1171, 7
MM, 3412, 1168, 8
MM, 3430, 1166, 7
MM, 3447, 1160, 8
MM, 3455, 1156, 6
MM, 3463, 1154, 8
MM, 3471, 1150, 7
MM, 3477, 1148, 7
MM, 3480, 1147, 7
MM, 3484, 1145, 7
MM, 3487, 1145, 8
MM, 3490, 1145, 7
MM, 3493, 1145, 7
MM, 3499, 1145, 7
MM, 3506, 1145, 8
MM, 3516, 1145, 7
MM, 3524, 1145, 7
MM, 3531, 1145, 7
MM, 3534, 1145, 9
MM, 3537, 1145, 6
MM, 3541, 1145, 7
MM, 3544, 1145, 7
MM, 3545, 1145, 7
MM, 3547, 1145, 8
MM, 3548, 1145, 7
MM, 3550, 1145, 14
MM, 3551, 1145, 8
MM, 3552, 1144, 7
MM, 3555, 1142, 7
MM, 3557, 1139, 7
MM, 3559, 1131, 7
MM, 3559, 1114, 7
MM, 3555, 1084, 7
MM, 3538, 1030, 7
MM, 3515, 973, 8
MM, 3490, 927, 7
MM, 3477, 906, 8
MM, 3464, 890, 6
MM, 3455, 884, 7
MM, 3443, 874, 8
MM, 3435, 870, 7
MM, 3421, 865, 7
MM, 3407, 863, 7
MM, 3392, 858, 11
MM, 3375, 853, 4
MM, 3354, 845, 7
MM, 3327, 840, 7
MM, 3288, 831, 7
MM, 3243, 824, 8
MM, 3191, 814, 7
MM, 3133, 807, 7
MM, 3088, 800, 9
MM, 3050, 794, 5
MM, 3020, 794, 9
MM, 2990, 792, 6
MM, 2963, 792, 7
MM, 2937, 792, 9
MM, 2907, 792, 6
MM, 2877, 789, 7
MM, 2844, 786, 7
MM, 2807, 783, 8
MM, 2760, 777, 7
MM, 2715, 771, 7
MM, 2685, 765, 7
MM, 2658, 765, 7
MM, 2638, 763, 8
MM, 2614, 763, 7
MM, 2591, 760, 7
MM, 2564, 757, 7
MM, 2537, 752, 11
MM, 2510, 749, 4
MM, 2486, 747, 7
MM, 2466, 741, 7
MM, 2439, 736, 6
MM, 2411, 728, 8
MM, 2391, 725, 7
MM, 2380, 723, 8
MM, 2374, 721, 7
MM, 2371, 721, 7
MM, 2370, 721, 8
MM, 2368, 721, 7
MM, 2367, 721, 7
MM, 2367, 722, 14
MM, 2366, 722, 8
MM, 2364, 722, 14
MM, 2363, 722, 14
MM, 2361, 722, 8
MM, 2360, 722, 7
MM, 2358, 723, 7
MM, 2357, 723, 13
MM, 2357, 724, 8
MM, 2356, 724, 7
MM, 2356, 726, 7
MM, 2354, 726, 7
MM, 2353, 726, 22
MM, 2351, 726, 15
MM, 2350, 726, 17
MM, 2349, 726, 19
MM, 2347, 726, 7
MM, 2344, 726, 7
MM, 2341, 725, 7
MM, 2335, 723, 8
MM, 2330, 723, 7
MM, 2320, 721, 7
MM, 2305, 716, 7
MM, 2288, 711, 7
MM, 2267, 709, 8
MM, 2253, 707, 8
MM, 2239, 704, 6
MM, 2232, 704, 7
MM, 2226, 702, 7
MM, 2221, 702, 8
MM, 2218, 702, 7
MM, 2214, 702, 7
MM, 2211, 702, 7
MM, 2208, 701, 7
MM, 2206, 701, 8
MM, 2205, 701, 7
MM, 2202, 699, 8
MM, 2200, 699, 6
MM, 2199, 699, 7
MM, 2198, 699, 8
MM, 2196, 698, 7
MM, 2191, 696, 7
MM, 2188, 696, 7
MM, 2182, 692, 7
MM, 2177, 691, 10
MM, 2169, 687, 5
MM, 2160, 680, 7
MM, 2152, 676, 7
MM, 2144, 672, 8
MM, 2140, 670, 7
MM, 2137, 668, 7
MM, 2136, 668, 8
MM, 2134, 667, 7
MM, 2133, 667, 7
MM, 2131, 666, 8
MM, 2130, 666, 9
MM, 2130, 664, 5
MM, 2128, 664, 7
MM, 2127, 664, 7
MM, 2126, 664, 7
MM, 2124, 664, 7
MM, 2123, 664, 7
MM, 2121, 664, 15
MM, 2120, 663, 7
MM, 2118, 663, 8
MM, 2118, 661, 6
MM, 2117, 661, 7
MM, 2116, 661, 8
MM, 2114, 661, 7
MM, 2113, 661, 7
MM, 2111, 661, 14
MM, 2110, 661, 15
MP, 1, 243
MR, 1, 226
MC, 1, 0
MM, 2112, 708, 502
MM, 2120, 785, 3
MM, 2123, 848, 7
MM, 2123, 881, 7
MM, 2123, 908, 8
MM, 2123, 931, 6
MM, 2122, 948, 8
MM, 2122, 959, 7
MM, 2120, 966, 7
MM, 2120, 974, 7
MM, 2120, 979, 7
MM, 2118, 983, 11
MM, 2118, 988, 4
MM, 2118, 993, 7
MM, 2118, 997, 7
MM, 2118, 1004, 7
MM, 2118, 1014, 8
MM, 2118, 1024, 7
MM, 2118, 1041, 7
MM, 2118, 1061, 7
MM, 2118, 1084, 9
MM, 2118, 1108, 6
MM, 2118, 1128, 7
MM, 2116, 1155, 7
MM, 2116, 1175, 8
MM, 2116, 1192, 7
MM, 2116, 1205, 7
MM, 2116, 1215, 7
MM, 2116, 1226, 7
MM, 2116, 1233, 7
MM, 2116, 1243, 7
MM, 2116, 1251, 8
MM, 2116, 1258, 7
MM, 2116, 1266, 7
MM, 2117, 1271, 7
MM, 2117, 1279, 8
MM, 2118, 1286, 7
MM, 2120, 1294, 7
MM, 2122, 1302, 7
MM, 2126, 1307, 8
MM, 2130, 1318, 7
MM, 2135, 1329, 7
MM, 2139, 1340, 7
MM, 2144, 1352, 7
MM, 2148, 1363, 8
MM, 2150, 1369, 7
MM, 2154, 1374, 7
MM, 2154, 1374, 179065
MM, 2154, 1372, 10
MM, 2155, 1371, 2
MM, 2155, 1369, 2
MM, 2157, 1368, 2
MM, 2157, 1367, 2
MM, 2157, 1365, 3
MM, 2158, 1362, 3
MM, 2160, 1361, 2
MM, 2161, 1359, 2
MM, 2163, 1356, 2
MM, 2166, 1353, 2
MM, 2168, 1349, 2
MM, 2172, 1346, 2
MM, 2177, 1340, 2
MM, 2183, 1334, 1
MM, 2191, 1330, 2
MM, 2200, 1323, 2
MM, 2212, 1314, 2
MM, 2224, 1307, 2
MM, 2239, 1297, 2
MM, 2257, 1286, 4
MM, 2275, 1273, 0
MM, 2297, 1260, 2
MM, 2321, 1246, 2
MM, 2346, 1233, 2
MM, 2374, 1219, 2
MM, 2401, 1205, 2
MM, 2433, 1187, 2
MM, 2464, 1173, 2
MM, 2496, 1156, 2
MM, 2528, 1138, 3
MM, 2559, 1124, 1
MM, 2590, 1110, 2
MM, 2622, 1093, 2
MM, 2653, 1079, 2
MM, 2680, 1068, 2
MM, 2711, 1054, 4
MM, 2742, 1043, 0
MM, 2773, 1029, 2
MM, 2804, 1017, 2
MM, 2831, 1006, 2
MM, 2856, 993, 2
MM, 2880, 982, 2
MM, 2904, 974, 2
MM, 2926, 963, 2
MM, 2947, 953, 2
MM, 2968, 942, 2
MM, 2986, 932, 2
MM, 3004, 921, 2
MM, 3022, 914, 2
MM, 3040, 906, 2
MM, 3058, 898, 2
MM, 3073, 888, 4
MM, 3088, 878, 1
MM, 3100, 871, 1
MM, 3115, 861, 2
MM, 3126, 854, 2
MM, 3138, 847, 3
MM, 3150, 840, 2
MM, 3158, 834, 1
MM, 3170, 827, 2
MM, 3179, 820, 2
MM, 3187, 816, 3
MM, 3199, 809, 2
MM, 3210, 802, 2
MM, 3222, 795, 1
MM, 3234, 788, 3
MM, 3245, 781, 1
MM, 3257, 771, 3
MM, 3269, 764, 1
MM, 3281, 757, 2
MM, 3296, 747, 2
MM, 3308, 738, 3
MM, 3320, 731, 1
MM, 3331, 724, 3
MM, 3343, 717, 2
MM, 3355, 710, 2
MM, 3366, 703, 2
MM, 3378, 696, 2
MM, 3389, 691, 2
MM, 3398, 687, 2
MM, 3406, 680, 2
MM, 3412, 677, 2
MM, 3430, 666, 8
MM, 3433, 664, 2
MM, 3435, 663, 2
MM, 3436, 663, 81
MM, 3438, 661, 4
MM, 3438, 660, 2
MM, 3438, 658, 2
MM, 3438, 655, 4
MM, 3438, 652, 2
MM, 3438, 649, 3
MM, 3438, 646, 2
MM, 3438, 643, 1
MM, 3438, 637, 2
MM, 3437, 634, 2
MM, 3435, 628, 2
MM, 3433, 623, 2
MM, 3433, 620, 2
MM, 3431, 614, 3
MM, 3430, 609, 3
MM, 3428, 603, 1
MM, 3426, 598, 1
MM, 3424, 592, 2
MM, 3422, 587, 2
MM, 3420, 581, 2
MM, 3417, 576, 3
MM, 3415, 572, 2
MM, 3413, 569, 2
MM, 3412, 565, 1
MM, 3408, 562, 2
MM, 3404, 556, 2
MM, 3401, 553, 2
MM, 3399, 549, 3
MM, 3395, 546, 3
MM, 3392, 542, 1
MM, 3388, 539, 3
MM, 3387, 535, 0
MM, 3383, 533, 3
MM, 3380, 532, 1
MM, 3376, 528, 3
MM, 3373, 526, 2
MM, 3369, 525, 2
MM, 3368, 523, 2
MM, 3365, 522, 2
MM, 3361, 520, 2
MM, 3358, 518, 2
MM, 3357, 517, 2
MM, 3353, 515, 2
MM, 3350, 514, 2
MM, 3347, 514, 2
MM, 3345, 512, 2
MM, 3342, 512, 3
MM, 3339, 511, 1
MM, 3335, 509, 2
MM, 3332, 509, 2
MM, 3329, 507, 2
MM, 3325, 505, 2
MM, 3322, 505, 2
MM, 3319, 504, 2
MM, 3316, 504, 2
MM, 3312, 502, 2
MM, 3306, 500, 4
MM, 3300, 498, 2
MM, 3295, 497, 2
MM, 3284, 493, 5
MM, 3278, 491, 1
MM, 3273, 489, 2
MM, 3267, 487, 2
MM, 3262, 484, 2
MM, 3256, 480, 2
MM, 3250, 478, 2
MM, 3245, 476, 1
MM, 3239, 473, 3
MM, 3234, 471, 2
MM, 3228, 469, 2
MM, 3225, 465, 2
MM, 3219, 464, 2
MM, 3214, 462, 2
MM, 3208, 458, 3
MM, 3199, 454, 5
MM, 3196, 453, 0
MM, 3192, 451, 2
MM, 3185, 446, 4
MM, 3182, 442, 2
MM, 3176, 440, 2
MM, 3173, 439, 2
MM, 3170, 437, 2
MM, 3166, 433, 2
MM, 3163, 432, 2
MM, 3159, 430, 2
MM, 3156, 428, 2
MM, 3154, 425, 2
MM, 3151, 423, 2
MM, 3149, 422, 2
MM, 3148, 420, 3
MM, 3146, 419, 1
MM, 3143, 419, 2
MM, 3142, 417, 4
MM, 3141, 417, 6
MM, 3139, 417, 2
MM, 3138, 417, 2
MM, 3136, 416, 4
MM, 3135, 415, 4
MM, 3132, 413, 2
MM, 3130, 413, 2
MM, 3129, 413, 3
MM, 3127, 413, 1
MM, 3126, 412, 2
MM, 3125, 412, 2
MM, 3123, 412, 1
MM, 3122, 412, 2
MM, 3120, 412, 3
MM, 3119, 412, 2
MM, 3118, 410, 1
MM, 3116, 410, 2
MM, 3113, 410, 2
MM, 3112, 409, 2
MM, 3110, 407, 2
MM, 3109, 407, 2
MM, 3107, 407, 2
MM, 3106, 407, 2
MM, 3105, 407, 3
MM, 3101, 406, 1
MM, 3100, 406, 2
MM, 3099, 404, 2
MM, 3096, 404, 2
MM, 3094, 404, 2
MM, 3093, 403, 3
MM, 3091, 403, 1
MM, 3090, 403, 4
MM, 3088, 403, 2
MM, 3087, 402, 2
MM, 3086, 402, 4
MM, 3084, 402, 3
MM, 3083, 400, 3
MM, 3081, 400, 2
MM, 3080, 400, 4
MM, 3077, 400, 2
MM, 3075, 400, 2
MM, 3074, 400, 2
MM, 3073, 399, 2
MM, 3071, 399, 2
MM, 3070, 399, 2
MM, 3068, 397, 2
MM, 3067, 397, 2
MM, 3065, 397, 4
MM, 3064, 396, 4
MM, 3063, 396, 2
MM, 3061, 396, 13
MM, 3061, 394, 51
MP, 1, 915
MD, 3061, 393, 42
MR, 1, 35
MM, 3061, 393, 335
MM, 3061, 395, 4
MM, 3061, 396, 2
MM, 3061, 399, 4
MM, 3061, 401, 2
MM, 3061, 402, 2
MM, 3061, 404, 2
MM, 3061, 407, 2
MM, 3060, 410, 2
MM, 3060, 413, 2
MM, 3060, 416, 2
MM, 3060, 420, 2
MM, 3058, 425, 2
MM, 3058, 428, 2
MM, 3056, 434, 2
MM, 3056, 439, 2
MM, 3054, 445, 2
MM, 3054, 450, 3
MM, 3054, 457, 1
MM, 3052, 463, 3
MM, 3052, 468, 1
MM, 3050, 474, 2
MM, 3048, 481, 2
MM, 3047, 487, 2
MM, 3045, 492, 2
MM, 3043, 498, 2
MM, 3041, 503, 2
MM, 3039, 509, 2
MM, 3037, 514, 2
MM, 3036, 520, 2
MM, 3034, 528, 2
MM, 3032, 531, 2
MM, 3030, 536, 2
MM, 3026, 542, 2
MM, 3025, 548, 2
MM, 3023, 553, 3
MM, 3021, 559, 1
MM, 3019, 564, 2
MM, 3017, 569, 2
MM, 3015, 577, 2
MM, 3014, 583, 2
MM, 3012, 588, 2
MM, 3010, 596, 2
MM, 3006, 604, 2
MM, 3004, 612, 2
MM, 3001, 626, 2
MM, 2997, 637, 2
MM, 2995, 645, 2
MM, 2990, 656, 2
MM, 2988, 667, 2
MM, 2984, 678, 2
MM, 2979, 693, 2
MM, 2974, 707, 2
MM, 2970, 718, 2
MM, 2965, 733, 2
MM, 2960, 747, 2
MM, 2955, 762, 2
MM, 2948, 779, 4
MM, 2943, 797, 0
MM, 2935, 818, 2
MM, 2929, 839, 2
MM, 2922, 860, 2
MM, 2914, 881, 2
MM, 2908, 905, 2
MM, 2901, 926, 2
MM, 2892, 950, 2
MM, 2882, 974, 2
MM, 2874, 998, 2
MM, 2863, 1020, 2
MM, 2855, 1041, 2
MM, 2847, 1065, 2
MM, 2839, 1089, 2
MM, 2831, 1113, 2
MM, 2823, 1134, 4
MM, 2815, 1155, 0
MM, 2807, 1176, 2
MM, 2796, 1201, 2
MM, 2789, 1222, 2
MM, 2778, 1243, 2
MM, 2770, 1264, 2
MM, 2762, 1285, 2
MM, 2755, 1303, 1
MM, 2747, 1320, 2
MM, 2739, 1338, 2
MM, 2734, 1356, 2
MM, 2729, 1373, 2
MM, 2724, 1388, 3
MM, 2720, 1402, 1
MM, 2715, 1417, 3
MM, 2707, 1431, 4
MM, 2703, 1446, 0
MM, 2698, 1457, 2
MM, 2691, 1472, 2
MM, 2688, 1486, 2
MM, 2684, 1497, 2
MM, 2679, 1512, 2
MM, 2677, 1522, 2
MM, 2672, 1534, 2
MM, 2666, 1542, 2
MM, 2661, 1554, 2
MM, 2659, 1565, 2
MM, 2655, 1576, 2
MM, 2650, 1587, 2
MM, 2646, 1599, 2
MM, 2641, 1610, 2
MM, 2639, 1621, 3
MM, 2634, 1632, 1
MM, 2630, 1643, 2
MM, 2623, 1655, 2
MM, 2618, 1666, 1
MM, 2614, 1681, 2
MM, 2606, 1695, 2
MM, 2599, 1710, 2
MM, 2591, 1725, 2
MM, 2581, 1740, 2
MM, 2574, 1755, 2
MM, 2564, 1773, 2
MM, 2554, 1788, 2
MM, 2546, 1806, 2
MM, 2536, 1824, 2
MM, 2525, 1842, 2
MM, 2512, 1860, 3
MM, 2499, 1879, 2
MM, 2483, 1900, 1
MM, 2469, 1922, 2
MM, 2456, 1940, 2
MM, 2443, 1962, 2
MM, 2424, 1981, 2
MM, 2408, 1999, 2
MM, 2392, 2021, 2
MM, 2376, 2039, 2
MM, 2357, 2061, 2
MM, 2338, 2080, 2
MM, 2319, 2099, 2
MM, 2304, 2114, 2
MM, 2285, 2130, 2
MM, 2266, 2146, 2
MM, 2248, 2162, 4
MM, 2229, 2175, 1
MM, 2211, 2172, 1
MM, 2192, 2172, 2
MM, 2174, 2170, 2
MM, 2156, 2172, 2
MM, 2138, 2169, 2
MM, 2123, 2169, 2
MM, 2105, 2170, 2
MM, 2090, 2166, 2
MM, 2075, 2169, 2
MM, 2063, 2166, 2
MM, 2051, 2166, 2
MM, 2040, 2166, 3
MM, 2031, 2166, 1
MM, 2022, 2165, 2
MM, 2014, 2166, 5
MM, 2006, 2163, 0
MM, 2000, 2162, 1
MM, 1994, 2163, 2
MM, 1989, 2163, 2
MM, 1983, 2163, 2
MM, 1980, 2162, 2
MM, 1978, 2161, 2
MM, 1977, 2160, 2
MM, 1975, 2161, 2
MM, 1974, 2160, 2
MM, 1972, 2160, 2
MM, 1971, 2161, 29
MM, 1971, 2158, 20
MM, 1971, 2157, 2
MM, 1971, 2154, 3
MM, 1971, 2151, 1
MM, 1971, 2145, 1
MM, 1971, 2138, 2
MM, 1969, 2130, 2
MM, 1969, 2120, 2
MM, 1967, 2106, 3
MM, 1965, 2095, 2
MM, 1962, 2081, 1
MM, 1960, 2064, 3
MM, 1955, 2046, 2
MM, 1950, 2026, 2
MM, 1947, 2005, 1
MM, 1942, 1984, 2
MM, 1939, 1964, 2
MM, 1937, 1940, 3
MM, 1931, 1916, 2
MM, 1918, 1848, 6
MM, 1915, 1821, 2
MM, 1910, 1798, 2
MM, 1905, 1770, 2
MM, 1902, 1744, 2
MM, 1899, 1717, 2
MM, 1897, 1690, 2
MM, 1894, 1663, 3
MM, 1891, 1639, 0
MM, 1889, 1616, 3
MM, 1889, 1589, 2
MM, 1886, 1566, 2
MM, 1886, 1542, 2
MM, 1884, 1519, 6
MM, 1884, 1452, 2
MM, 1884, 1432, 2
MM, 1881, 1412, 2
MM, 1881, 1388, 2
MM, 1881, 1368, 2
MM, 1881, 1348, 2
MM, 1881, 1328, 2
MM, 1883, 1308, 1
MM, 1885, 1290, 2
MM, 1888, 1270, 2
MM, 1890, 1250, 2
MM, 1893, 1232, 2
MM, 1895, 1215, 2
MM, 1900, 1194, 3
MM, 1903, 1174, 4
MM, 1905, 1157, 1
MM, 1908, 1140, 1
MM, 1910, 1122, 1
MM, 1915, 1105, 3
MM, 1918, 1088, 2
MM, 1920, 1070, 2
MM, 1922, 1053, 2
MM, 1922, 1036, 2
MM, 1925, 1019, 2
MM, 1927, 1002, 1
MM, 1927, 988, 3
MM, 1930, 974, 2
MM, 1930, 961, 2
MM, 1930, 951, 2
MM, 1930, 940, 5
MM, 1930, 927, 0
MM, 1930, 906, 4
MM, 1930, 899, 1
MM, 1930, 891, 2
MM, 1930, 884, 3
MM, 1929, 876, 2
MM, 1927, 870, 1
MM, 1925, 865, 3
MM, 1925, 860, 1
MM, 1923, 854, 3
MM, 1922, 849, 1
MM, 1922, 845, 4
MM, 1922, 840, 0
MM, 1922, 837, 2
MM, 1922, 832, 4
MM, 1920, 828, 1
MM, 1920, 825, 1
MM, 1920, 822, 2
MM, 1920, 819, 2
MM, 1920, 815, 2
MM, 1920, 812, 3
MM, 1920, 809, 2
MM, 1921, 806, 5
MM, 1922, 804, 1
MM, 1923, 803, 2
MM, 1925, 800, 2
MM, 1927, 796, 2
MM, 1928, 793, 2
MM, 1930, 791, 2
MM, 1931, 788, 2
MM, 1933, 787, 2
MM, 1934, 785, 3
MM, 1936, 784, 1
MM, 1937, 782, 3
MM, 1939, 779, 3
MM, 1940, 778, 1
MM, 1943, 776, 3
MM, 1947, 775, 0
MM, 1951, 772, 4
MM, 1953, 772, 2
MM, 1956, 770, 4
MM, 1957, 769, 1
MM, 1960, 767, 1
MM, 1964, 765, 4
MM, 1967, 764, 5
MM, 1969, 760, 1
MM, 1972, 758, 5
MM, 1976, 758, 1
MM, 1977, 755, 3
MM, 1979, 752, 1
MM, 1981, 748, 3
MM, 1982, 747, 1
MM, 1984, 745, 3
MM, 1985, 744, 2
MM, 1986, 742, 1
MM, 1986, 741, 2
MM, 1988, 740, 3
MM, 1989, 738, 1
MM, 1991, 737, 3
MM, 1992, 735, 1
MM, 1994, 732, 4
MM, 1995, 731, 2
MM, 1998, 726, 5
MM, 1998, 725, 1
MM, 2000, 722, 2
MM, 2003, 720, 2
MM, 2005, 717, 3
MM, 2006, 715, 1
MM, 2009, 712, 2
MM, 2011, 711, 2
MM, 2012, 707, 2
MM, 2016, 704, 3
MM, 2020, 700, 1
MM, 2023, 697, 2
MM, 2025, 693, 3
MM, 2028, 692, 2
MM, 2032, 690, 6
MM, 2038, 686, 1
MM, 2042, 683, 1
MM, 2045, 681, 1
MM, 2049, 680, 3
MM, 2052, 678, 1
MM, 2054, 676, 2
MM, 2057, 676, 2
MM, 2060, 675, 3
MM, 2064, 673, 1
MM, 2069, 673, 2
MM, 2072, 671, 4
MM, 2075, 671, 2
MM, 2079, 671, 6
MM, 2083, 671, 1
MM, 2086, 671, 2
MM, 2088, 671, 4
MM, 2091, 671, 2
MM, 2092, 671, 1
MM, 2094, 670, 2
MM, 2095, 670, 3
MM, 2096, 670, 2
MM, 2099, 670, 1
MM, 2103, 668, 6
MM, 2106, 666, 2
MM, 2108, 665, 7
MM, 2109, 664, 0
MM, 2112, 662, 2
MM, 2114, 661, 1
MM, 2115, 659, 2
MM, 2117, 659, 2
MM, 2118, 658, 2
MM, 2119, 656, 2
MM, 2121, 655, 2
MM, 2122, 653, 2
MM, 2124, 652, 2
MM, 2124, 649, 2
MM, 2124, 648, 3
MM, 2125, 644, 1
MM, 2127, 643, 9
MM, 2127, 640, 0
MM, 2127, 639, 2
MM, 2128, 637, 2
MM, 2128, 636, 2
MM, 2128, 634, 2
MM, 2128, 633, 5
MM, 2128, 632, 4
MM, 2128, 630, 26
MM, 2128, 631, 109
MM, 2126, 632, 1
MM, 2125, 633, 2
MM, 2123, 633, 2
MM, 2122, 633, 2
MM, 2121, 635, 2
MM, 2119, 635, 2
MM, 2118, 636, 2
MM, 2116, 638, 2
MM, 2115, 639, 2
MM, 2113, 639, 4
MM, 2112, 640, 2
MM, 2111, 640, 2
MM, 2111, 642, 6
MM, 2108, 643, 0
MM, 2108, 645, 2
MM, 2106, 645, 2
MM, 2105, 646, 8
MM, 2103, 648, 6
MM, 2102, 648, 12
MP, 1, 125
MR, 1, 64
MC, 1, 0
MM, 2102, 649, 139
MM, 2102, 650, 0
MM, 2102, 650, 2
MM, 2104, 652, 2
MM, 2105, 653, 2
MM, 2107, 656, 2
MM, 2109, 660, 4
MM, 2110, 663, 2
MM, 2112, 667, 2
MM, 2116, 670, 2
MM, 2117, 674, 2
MM, 2119, 677, 2
MM, 2121, 680, 4
MM, 2126, 691, 4
MM, 2128, 694, 3
MM, 2129, 698, 1
MM, 2129, 701, 2
MM, 2129, 704, 2
MM, 2129, 707, 2
MM, 2129, 710, 2
MM, 2129, 714, 2
MM, 2129, 717, 2
MM, 2129, 720, 2
MM, 2129, 723, 2
MM, 2129, 726, 2
MM, 2129, 732, 2
MM, 2129, 737, 2
MM, 2129, 742, 6
MM, 2129, 753, 0
MM, 2129, 758, 2
MM, 2129, 766, 2
MM, 2129, 776, 2
MM, 2129, 783, 2
MM, 2129, 793, 2
MM, 2129, 804, 4
MM, 2131, 814, 0
MM, 2131, 825, 2
MM, 2131, 835, 3
MM, 2131, 845, 2
MM, 2131, 853, 2
MM, 2131, 860, 2
MM, 2131, 868, 2
MM, 2131, 875, 1
MM, 2131, 885, 2
MM, 2131, 893, 2
MM, 2131, 900, 2
MM, 2131, 908, 2
MM, 2130, 915, 2
MM, 2129, 923, 3
MM, 2129, 931, 1
MM, 2129, 934, 5
MM, 2129, 939, 1
MM, 2127, 945, 1
MM, 2125, 950, 3
MM, 2125, 953, 1
MM, 2123, 957, 2
MM, 2122, 958, 4
MM, 2120, 960, 3
MM, 2120, 963, 1
MM, 2119, 966, 6
MM, 2119, 967, 4
MM, 2117, 969, 5
MM, 2116, 970, 3
MM, 2116, 972, 2
MM, 2116, 973, 2
MM, 2114, 974, 3
MM, 2114, 976, 3
MM, 2113, 976, 2
MM, 2113, 977, 2
MM, 2112, 979, 4
MM, 2110, 979, 4
MM, 2110, 980, 2
MM, 2109, 980, 4
MM, 2109, 982, 2
MM, 2109, 983, 18
MM, 2107, 983, 8
MM, 2107, 984, 2
MM, 2106, 984, 10
MM, 2106, 986, 3
MM, 2106, 987, 5
MM, 2106, 989, 2
MM, 2104, 989, 2
MM, 2103, 990, 5
MM, 2103, 992, 3
MM, 2103, 993, 6
MM, 2102, 994, 4
MM, 2100, 994, 2
MM, 2099, 994, 2
MM, 2099, 996, 5
MM, 2097, 996, 1
MM, 2097, 997, 6
MM, 2096, 997, 4
MM, 2094, 997, 4
MM, 2094, 999, 4
MM, 2093, 999, 2
MM, 2092, 1000, 4
MM, 2090, 1000, 4
MM, 2090, 1002, 4
MM, 2089, 1002, 4
MM, 2087, 1002, 2
MM, 2086, 1002, 10
MM, 2086, 1003, 8
MM, 2085, 1003, 2
MM, 2083, 1004, 2
MM, 2083, 1006, 2
MM, 2082, 1006, 4
MM, 2082, 1007, 6
MM, 2080, 1007, 0
MM, 2079, 1007, 3
MM, 2077, 1007, 2
MM, 2077, 1009, 2
MM, 2076, 1010, 3
MM, 2075, 1011, 6
MM, 2075, 1013, 2
MM, 2075, 1014, 2178
MM, 2075, 1016, 2
MM, 2075, 1017, 2
MM, 2075, 1020, 2
MM, 2075, 1023, 2
MM, 2075, 1029, 2
MM, 2073, 1036, 2
MM, 2073, 1044, 2
MM, 2073, 1051, 2
MM, 2073, 1064, 2
MM, 2070, 1078, 2
MM, 2070, 1092, 3
MM, 2070, 1108, 1
MM, 2068, 1126, 2
MM, 2065, 1146, 2
MM, 2065, 1166, 1
MM, 2063, 1190, 2
MM, 2060, 1213, 2
MM, 2057, 1237, 2
MM, 2055, 1261, 2
MM, 2049, 1288, 3
MM, 2044, 1315, 1
MM, 2039, 1342, 2
MM, 2033, 1366, 2
MM, 2028, 1396, 2
MM, 2022, 1423, 2
MM, 2017, 1450, 2
MM, 2011, 1477, 3
MM, 2006, 1501, 2
MM, 1998, 1529, 1
MM, 1993, 1556, 2
MM, 1987, 1583, 2
MM, 1979, 1610, 2
MM, 1974, 1634, 3
MM, 1968, 1661, 1
MM, 1966, 1682, 2
MM, 1960, 1705, 2
MM, 1955, 1733, 2
MM, 1950, 1756, 2
MM, 1944, 1780, 2
MM, 1942, 1804, 2
MM, 1936, 1825, 3
MM, 1934, 1845, 3
MM, 1931, 1869, 1
MM, 1929, 1889, 2
MM, 1926, 1910, 2
MM, 1924, 1930, 1
MM, 1921, 1950, 2
MM, 1919, 1971, 3
MM, 1919, 1991, 2
MM, 1919, 2008, 2
MM, 1919, 2025, 2
MM, 1919, 2041, 2
MM, 1916, 2062, 2
MM, 1913, 2079, 2
MM, 1913, 2096, 2
MM, 1913, 2113, 2
MM, 1913, 2126, 2
MM, 1913, 2143, 2
MM, 1913, 2157, 2
MM, 1913, 2170, 2
MM, 1913, 2169, 2
MM, 1913, 2170, 2
MM, 1913, 2169, 2
MM, 1913, 2167, 2
MM, 1913, 2166, 3
MM, 1913, 2166, 1
MM, 1914, 2167, 2
MM, 1916, 2165, 2
MM, 1918, 2164, 2
MM, 1918, 2162, 2
MM, 1918, 2163, 2
MM, 1919, 2160, 2
MM, 1919, 2160, 2
MM, 1921, 2161, 2
MM, 1922, 2160, 6
MM, 1922, 2161, 2
MM, 1922, 2158, 90
MM, 1922, 2157, 2
MM, 1922, 2154, 2
MM, 1922, 2151, 1
MM, 1924, 2145, 2
MM, 1924, 2140, 3
MM, 1924, 2132, 1
MM, 1926, 2125, 3
MM, 1926, 2114, 2
MM, 1928, 2100, 1
MM, 1928, 2087, 3
MM, 1931, 2073, 2
MM, 1931, 2059, 2
MM, 1931, 2042, 3
MM, 1931, 2025, 2
MM, 1933, 2005, 1
MM, 1936, 1985, 1
MM, 1938, 1964, 3
MM, 1938, 1941, 2
MM, 1941, 1921, 2
MM, 1944, 1897, 2
MM, 1944, 1877, 2
MM, 1946, 1856, 2
MM, 1949, 1833, 2
MM, 1954, 1809, 2
MM, 1957, 1788, 2
MM, 1959, 1765, 2
MM, 1965, 1741, 3
MM, 1970, 1717, 3
MM, 1975, 1696, 1
MM, 1980, 1672, 2
MM, 1983, 1649, 1
MM, 1988, 1628, 2
MM, 1993, 1604, 2
MM, 1999, 1580, 2
MM, 2004, 1556, 3
MM, 2012, 1535, 2
MM, 2020, 1514, 1
MM, 2028, 1493, 2
MM, 2036, 1472, 2
MM, 2043, 1454, 2
MM, 2051, 1433, 2
MM, 2059, 1413, 2
MM, 2067, 1395, 2
MM, 2074, 1377, 4
MM, 2082, 1359, 0
MM, 2090, 1341, 2
MM, 2098, 1320, 2
MM, 2105, 1299, 2
MM, 2116, 1281, 2
MM, 2126, 1263, 2
MM, 2136, 1248, 2
MM, 2144, 1230, 2
MM, 2151, 1215, 2
MM, 2159, 1197, 2
MM, 2166, 1183, 2
MM, 2174, 1168, 2
MM, 2176, 1154, 2
MM, 2183, 1139, 2
MM, 2188, 1128, 2
MM, 2192, 1116, 3
MM, 2196, 1108, 1
MM, 2201, 1100, 2
MM, 2205, 1092, 2
MM, 2207, 1086, 2
MM, 2208, 1083, 2
MM, 2210, 1079, 2
MM, 2212, 1076, 4
MM, 2212, 1074, 8
MM, 2213, 1073, 62
MM, 2215, 1073, 2
MM, 2218, 1074, 6
MM, 2221, 1075, 2
MM, 2222, 1077, 2
MM, 2226, 1078, 2
MM, 2227, 1080, 1
MM, 2230, 1081, 3
MM, 2234, 1083, 2
MM, 2237, 1085, 2
MM, 2240, 1086, 1
MM, 2242, 1088, 3
MM, 2243, 1089, 2
MM, 2246, 1091, 1
MM, 2248, 1092, 3
MM, 2249, 1095, 2
MM, 2251, 1098, 5
MM, 2252, 1100, 1
MM, 2252, 1101, 2
MM, 2252, 1103, 4
MM, 2252, 1104, 6
MM, 2252, 1105, 2
MM, 2252, 1107, 30
MM, 2252, 1108, 12
MWM, 2252, 1108, 1, 3, 1, 8
MWM, 2252, 1108, 1, 3, 1, 18
MWM, 2252, 1108, 1, 3, 1, 12
MWM, 2252, 1108, 1, 3, 1, 10
MWM, 2252, 1108, 1, 3, 1, 10
MWM, 2252, 1108, 1, 3, 1, 10
MM, 2252, 1110, 145
MM, 2252, 1111, 7
MM, 2252, 1112, 2
MM, 2252, 1114, 3
MM, 2252, 1115, 4
MM, 2252, 1117, 4
MM, 2250, 1120, 2
MM, 2250, 1121, 4
MM, 2249, 1123, 2
MM, 2249, 1124, 2
MM, 2249, 1127, 2
MM, 2249, 1129, 2
MM, 2247, 1132, 4
MM, 2247, 1135, 2
MM, 2247, 1138, 4
MM, 2247, 1141, 2
MM, 2247, 1143, 2
MM, 2247, 1146, 4
MM, 2247, 1147, 4
MM, 2246, 1150, 2
MM, 2244, 1152, 2
MM, 2244, 1153, 2
MM, 2244, 1155, 2
MM, 2243, 1156, 4
MM, 2241, 1159, 2
MM, 2240, 1161, 4
MM, 2240, 1162, 2
MM, 2240, 1163, 2
MM, 2240, 1165, 4
MM, 2238, 1166, 2
MM, 2237, 1168, 2
MM, 2237, 1169, 2
MM, 2237, 1171, 2
MM, 2236, 1172, 2
MM, 2236, 1173, 4
MM, 2234, 1176, 3
MM, 2234, 1178, 3
MM, 2234, 1179, 2
MM, 2234, 1180, 5
MM, 2234, 1182, 4
MM, 2234, 1183, 6
MM, 2234, 1185, 4
MM, 2234, 1186, 4
MM, 2234, 1188, 12
MM, 2234, 1189, 8
MM, 2234, 1190, 4
MM, 2234, 1192, 84
MM, 2235, 1193, 74
MM, 2236, 1193, 5
MM, 2237, 1195, 2
MM, 2239, 1195, 8
MM, 2240, 1195, 7
MM, 2242, 1195, 1
MM, 2243, 1195, 6
MM, 2245, 1195, 2
MM, 2246, 1195, 2
MM, 2247, 1195, 2
MM, 2249, 1195, 4
MM, 2250, 1195, 2
MM, 2252, 1195, 2
MM, 2253, 1195, 2
MM, 2254, 1195, 5
MM, 2256, 1196, 4
MM, 2257, 1196, 2
MM, 2259, 1196, 1
MM, 2262, 1196, 2
MM, 2265, 1196, 4
MM, 2266, 1196, 2
MM, 2268, 1194, 2
MM, 2271, 1193, 2
MM, 2272, 1193, 2
MM, 2275, 1191, 2
MM, 2277, 1191, 2
MM, 2280, 1191, 2
MM, 2283, 1189, 3
MM, 2287, 1188, 1
MM, 2290, 1188, 3
MM, 2293, 1188, 1
MM, 2297, 1186, 2
MM, 2300, 1184, 2
MM, 2301, 1184, 2
MM, 2304, 1184, 2
MM, 2308, 1184, 3
MM, 2310, 1181, 5
MM, 2314, 1180, 1
MM, 2317, 1180, 1
MM, 2318, 1180, 2
MM, 2321, 1178, 2
MM, 2323, 1178, 2
MM, 2326, 1178, 3
MM, 2327, 1177, 1
MM, 2329, 1177, 2
MM, 2330, 1175, 3
MM, 2333, 1174, 2
MM, 2335, 1174, 1
MM, 2338, 1174, 2
MM, 2341, 1172, 2
MM, 2342, 1172, 2
MM, 2346, 1172, 3
MM, 2347, 1171, 1
MM, 2350, 1171, 2
MM, 2353, 1169, 4
MM, 2357, 1169, 2
MM, 2362, 1169, 4
MM, 2367, 1169, 0
MM, 2373, 1167, 3
MM, 2376, 1167, 2
MM, 2381, 1167, 2
MM, 2387, 1167, 1
MM, 2392, 1167, 3
MM, 2397, 1165, 1
MM, 2405, 1165, 2
MM, 2410, 1165, 4
MM, 2418, 1165, 1
MM, 2423, 1165, 1
MM, 2431, 1165, 3
MM, 2438, 1165, 1
MM, 2446, 1165, 2
MM, 2451, 1165, 2
MM, 2456, 1164, 3
MM, 2464, 1162, 2
MM, 2472, 1162, 2
MM, 2477, 1160, 2
MM, 2482, 1160, 2
MM, 2488, 1160, 2
MM, 2493, 1160, 2
MM, 2496, 1160, 1
MM, 2502, 1158, 2
MM, 2505, 1158, 3
MM, 2508, 1158, 1
MM, 2511, 1158, 2
MM, 2515, 1158, 2
MM, 2520, 1156, 2
MM, 2521, 1155, 7
MM, 2524, 1155, 2
MM, 2526, 1155, 2
MM, 2527, 1155, 8
MM, 2529, 1153, 10
MWM, 2529, 1153, -1, 3, 1, 40
MWM, 2529, 1153, -1, 3, 1, 12
MWM, 2529, 1153, -1, 3, 1, 10
MWM, 2529, 1153, -1, 3, 1, 14
MWM, 2529, 1153, -1, 3, 1, 14
MWM, 2529, 1153, -1, 3, 1, 30
MM, 2529, 1154, 174
MWM, 2529, 1154, 1, 3, 1, 10
MWM, 2529, 1154, 1, 3, 1, 20
MWM, 2529, 1154, 1, 3, 1, 13
MWM, 2529, 1154, 1, 3, 1, 15
MWM, 2529, 1154, 1, 3, 1, 10
MWM, 2529, 1154, -1, 3, 1, 81
MM, 2529, 1153, 2
MM, 2529, 1152, 2
MM, 2529, 1150, 2
MM, 2529, 1149, 4
MM, 2529, 1148, 2
MWM, 2529, 1148, -1, 3, 1, 1
MM, 2529, 1146, 6
MM, 2529, 1145, 0
MM, 2530, 1143, 3
MM, 2530, 1142, 2
MWM, 2530, 1142, -1, 3, 1, 2
MM, 2530, 1141, 2
MM, 2530, 1139, 2
MM, 2532, 1139, 6
MM, 2532, 1138, 2
MM, 2532, 1136, 2
MM, 2532, 1135, 4
MWM, 2532, 1135, -1, 3, 1, 5
MM, 2532, 1133, 1
MM, 2532, 1132, 1
MM, 2532, 1131, 5
MM, 2533, 1131, 4
MM, 2534, 1131, 2
MM, 2534, 1129, 2
MWM, 2534, 1129, -1, 3, 1, 11
MM, 2534, 1128, 7
MWM, 2534, 1128, 1, 3, 1, 69
MWM, 2534, 1128, 1, 3, 1, 14
MWM, 2534, 1128, 1, 3, 1, 12
MWM, 2534, 1128, 1, 3, 1, 12
MWM, 2534, 1128, 1, 3, 1, 10
MM, 2536, 1126, 59
MM, 2536, 1125, 2
MM, 2536, 1123, 2
MM, 2537, 1122, 2
MM, 2539, 1121, 2
MWM, 2539, 1121, -1, 3, 1, 1
MM, 2539, 1118, 1
MM, 2540, 1116, 2
MM, 2540, 1115, 2
MM, 2542, 1112, 2
MM, 2542, 1110, 2
MWM, 2542, 1110, -1, 3, 1, 1
MM, 2543, 1107, 1
MM, 2545, 1106, 3
MM, 2546, 1103, 2
MM, 2548, 1101, 1
MM, 2549, 1100, 2
MM, 2551, 1097, 2
MM, 2552, 1093, 2
MWM, 2552, 1093, -1, 3, 1, 1
MM, 2552, 1092, 1
MM, 2554, 1090, 2
MM, 2555, 1087, 2
MM, 2557, 1086, 4
MM, 2557, 1083, 2
MM, 2558, 1081, 2
MWM, 2558, 1081, -1, 3, 1, 1
MM, 2560, 1080, 1
MM, 2560, 1078, 2
MM, 2561, 1077, 4
MM, 2561, 1076, 4
MM, 2562, 1074, 4
MWM, 2562, 1074, 1, 3, 1, 78
MWM, 2562, 1074, 1, 3, 1, 12
MWM, 2562, 1074, 1, 3, 1, 11
MWM, 2562, 1074, 1, 3, 1, 10
MM, 2562, 1075, 18
MM, 2564, 1076, 11
MM, 2564, 1077, 14
MWM, 2564, 1077, -1, 3, 1, 17
MWM, 2564, 1077, -1, 3, 1, 10
MWM, 2564, 1077, -1, 3, 1, 12
MWM, 2564, 1077, -1, 3, 1, 16
MWM, 2564, 1077, 1, 3, 1, 68
MWM, 2564, 1077, 1, 3, 1, 16
MWM, 2564, 1077, 1, 3, 1, 12
MWM, 2564, 1077, 1, 3, 1, 10
MWM, 2564, 1077, 1, 3, 1, 14
MM, 2564, 1079, 132
MM, 2563, 1080, 2
MM, 2562, 1082, 1
MM, 2561, 1083, 2
MM, 2557, 1086, 2
MM, 2552, 1090, 2
MM, 2548, 1096, 2
MM, 2544, 1101, 2
MM, 2538, 1110, 2
MM, 2531, 1121, 2
MM, 2521, 1133, 2
MM, 2511, 1148, 2
MM, 2499, 1164, 2
MM, 2486, 1182, 2
MM, 2469, 1204, 2
MM, 2453, 1228, 2
MM, 2437, 1250, 2
MM, 2417, 1275, 2
MM, 2398, 1300, 2
MM, 2378, 1325, 2
MM, 2356, 1350, 2
MM, 2334, 1375, 2
MM, 2307, 1405, 2
MM, 2288, 1430, 2
MM, 2265, 1455, 2
MM, 2242, 1484, 2
MM, 2217, 1509, 2
MM, 2191, 1534, 2
MM, 2165, 1564, 2
MM, 2143, 1589, 2
MM, 2120, 1614, 4
MM, 2095, 1640, 0
MM, 2073, 1665, 2
MM, 2047, 1690, 2
MM, 2022, 1715, 2
MM, 1995, 1745, 2
MM, 1973, 1770, 2
MM, 1950, 1799, 2
MM, 1925, 1824, 2
MM, 1902, 1853, 3
MM, 1882, 1878, 1
MM, 1859, 1907, 2
MM, 1839, 1935, 2
MM, 1816, 1964, 2
MM, 1793, 1993, 3
MM, 1771, 2027, 1
MM, 1753, 2060, 3
MM, 1732, 2093, 2
MM, 1710, 2127, 1
MM, 1689, 2161, 2
MM, 1667, 2193, 2
MM, 1648, 2197, 2
MM, 1633, 2196, 2
MM, 1612, 2204, 2
MM, 1597, 2196, 2
MM, 1583, 2190, 2
MM, 1568, 2194, 2
MM, 1557, 2190, 2
MM, 1542, 2194, 2
MM, 1531, 2190, 2
MM, 1520, 2190, 2
MM, 1506, 2190, 4
MM, 1498, 2183, 0
MM, 1489, 2183, 3
MM, 1481, 2186, 1
MM, 1473, 2180, 2
MM, 1466, 2180, 2
MM, 1460, 2180, 2
MM, 1455, 2177, 2
MM, 1450, 2179, 2
MM, 1445, 2174, 2
MM, 1443, 2173, 2
MM, 1441, 2166, 2
MM, 1439, 2170, 2
MM, 1437, 2167, 2
MM, 1435, 2167, 2
MM, 1435, 2164, 2
MM, 1433, 2165, 3
MM, 1433, 2164, 1
MM, 1433, 2162, 2
MM, 1433, 2162, 2
MM, 1433, 2161, 2
MM, 1432, 2160, 2
MM, 1432, 2161, 2
MM, 1432, 2160, 4
MM, 1432, 2159, 219
MM, 1432, 2157, 6
MM, 1432, 2156, 1
MM, 1432, 2154, 6
MM, 1432, 2153, 4
MM, 1432, 2152, 2
MM, 1430, 2150, 4
MM, 1430, 2149, 2
MM, 1430, 2147, 2
MM, 1430, 2146, 4
MM, 1429, 2146, 4
MM, 1429, 2144, 2
MM, 1428, 2144, 2
MM, 1428, 2143, 2
MM, 1426, 2143, 2
MM, 1425, 2143, 3
MM, 1423, 2142, 2
MM, 1422, 2142, 2
MM, 1420, 2142, 4
MM, 1420, 2140, 2
MM, 1419, 2139, 4
MM, 1418, 2139, 2
MM, 1416, 2137, 4
MM, 1415, 2137, 4
MM, 1413, 2137, 2
MM, 1413, 2136, 2
MM, 1412, 2136, 3
MM, 1410, 2136, 5
MM, 1409, 2136, 2
MM, 1408, 2134, 2
MM, 1408, 2133, 2
MM, 1406, 2132, 4
MM, 1405, 2132, 2
MM, 1402, 2130, 4
MM, 1400, 2130, 4
MM, 1399, 2129, 2
MM, 1397, 2127, 5
MM, 1396, 2126, 1
MM, 1395, 2126, 0
MM, 1393, 2126, 2
MM, 1392, 2124, 2
MM, 1390, 2123, 2
MM, 1389, 2121, 4
MM, 1387, 2120, 2
MM, 1386, 2120, 2
MM, 1385, 2119, 4
MM, 1383, 2119, 2
MM, 1382, 2119, 6
MM, 1380, 2119, 4
MM, 1379, 2117, 6
MM, 1379, 2116, 6
MM, 1377, 2116, 2
MM, 1377, 2114, 8
MM, 1376, 2114, 4
MM, 1375, 2114, 3
MM, 1373, 2114, 6
MM, 1373, 2113, 4
MM, 1372, 2112, 6
MM, 1370, 2112, 4
MM, 1370, 2110, 2
MM, 1369, 2110, 2
MM, 1368, 2109, 4
MM, 1366, 2109, 4
MM, 1365, 2107, 0
MM, 1363, 2106, 2
MM, 1362, 2104, 4
MM, 1360, 2103, 2
MM, 1359, 2103, 2
MM, 1358, 2102, 2
MM, 1356, 2102, 2
MM, 1355, 2102, 2
MM, 1352, 2100, 4
MM, 1350, 2099, 2
MM, 1347, 2097, 4
MM, 1346, 2096, 4
MM, 1344, 2096, 6
MM, 1344, 2094, 2
MM, 1343, 2094, 4
MM, 1341, 2094, 6
MM, 1340, 2094, 2
MM, 1339, 2094, 4
MM, 1337, 2094, 2
MM, 1336, 2093, 4
MM, 1334, 2093, 2
MM, 1333, 2093, 4
MM, 1331, 2093, 2
MM, 1330, 2093, 2
MM, 1329, 2093, 2
MM, 1327, 2093, 2
MM, 1326, 2093, 5
MM, 1324, 2093, 1
MM, 1323, 2093, 0
MM, 1321, 2093, 2
MM, 1320, 2093, 2
MM, 1319, 2093, 2
MM, 1317, 2093, 2
MM, 1314, 2093, 2
MM, 1311, 2093, 2
MM, 1308, 2093, 2
MM, 1305, 2093, 2
MM, 1301, 2093, 2
MM, 1298, 2093, 2
MM, 1295, 2093, 2
MM, 1292, 2093, 2
MM, 1286, 2093, 5
MM, 1281, 2093, 0
MM, 1276, 2094, 1
MM, 1270, 2095, 2
MM, 1267, 2095, 2
MM, 1262, 2095, 2
MM, 1256, 2095, 2
MM, 1251, 2095, 2
MM, 1246, 2095, 2
MM, 1238, 2095, 2
MM, 1233, 2095, 2
MM, 1225, 2095, 2
MM, 1220, 2095, 2
MM, 1215, 2095, 2
MM, 1209, 2095, 2
MM, 1204, 2095, 2
MM, 1199, 2095, 4
MM, 1193, 2095, 0
MM, 1188, 2095, 2
MM, 1183, 2095, 2
MM, 1175, 2095, 2
MM, 1170, 2095, 2
MM, 1164, 2095, 3
MM, 1159, 2095, 1
MM, 1154, 2095, 2
MM, 1148, 2095, 2
MM, 1143, 2095, 2
MM, 1138, 2095, 3
MM, 1134, 2095, 1
MM, 1129, 2095, 2
MM, 1124, 2095, 2
MM, 1121, 2095, 2
MM, 1115, 2095, 3
MM, 1110, 2095, 2
MM, 1107, 2095, 1
MM, 1101, 2095, 3
MM, 1098, 2095, 2
MM, 1093, 2095, 2
MM, 1090, 2095, 1
MM, 1084, 2095, 5
MM, 1081, 2095, 1
MM, 1076, 2095, 1
MM, 1070, 2095, 2
MM, 1067, 2095, 1
MM, 1062, 2097, 3
MM, 1059, 2097, 1
MM, 1053, 2097, 3
MM, 1050, 2099, 2
MM, 1047, 2099, 1
MM, 1041, 2099, 3
MM, 1038, 2099, 2
MM, 1035, 2101, 3
MM, 1029, 2103, 1
MM, 1026, 2103, 2
MM, 1023, 2103, 4
MM, 1021, 2103, 0
MM, 1020, 2104, 1
MM, 1017, 2104, 3
MM, 1015, 2105, 1
MM, 1014, 2105, 2
MM, 1013, 2105, 2
MM, 1011, 2105, 3
MM, 1010, 2105, 2
MM, 1008, 2107, 2
MM, 1007, 2107, 3
MM, 1005, 2107, 5
MM, 1004, 2107, 3
MM, 1003, 2107, 1
MM, 1001, 2107, 4
MM, 998, 2107, 4
MM, 997, 2107, 6
MM, 995, 2107, 2
MM, 994, 2107, 4
MM, 992, 2107, 4
MM, 991, 2107, 10
MM, 990, 2107, 2
MM, 988, 2107, 10
MM, 987, 2107, 22
MM, 985, 2107, 9
MM, 984, 2107, 5
MM, 983, 2108, 6
MM, 981, 2108, 1
MM, 980, 2108, 2
MM, 978, 2108, 2
MM, 977, 2108, 4
MM, 974, 2108, 2
MM, 971, 2108, 4
MM, 967, 2110, 2
MM, 966, 2110, 2
MM, 963, 2111, 3
MM, 961, 2111, 5
MM, 958, 2111, 0
MM, 955, 2113, 1
MM, 953, 2113, 2
MM, 950, 2113, 2
MM, 947, 2115, 1
MM, 946, 2115, 2
MM, 942, 2115, 2
MM, 939, 2115, 2
MM, 936, 2117, 2
MM, 934, 2117, 2
MM, 933, 2118, 2
MM, 930, 2118, 2
MM, 927, 2118, 2
MM, 925, 2118, 2
MM, 924, 2118, 2
MM, 921, 2120, 4
MM, 919, 2120, 0
MM, 918, 2120, 2
MM, 917, 2120, 2
MM, 915, 2120, 2
MM, 912, 2120, 6
MM, 911, 2120, 4
MM, 909, 2121, 2
MM, 908, 2121, 2
MM, 906, 2121, 8
MM, 905, 2121, 4
MM, 904, 2121, 4
MM, 902, 2121, 5
MM, 901, 2121, 7
MM, 899, 2121, 2
MM, 898, 2122, 2
MM, 896, 2124, 4
MM, 895, 2124, 6
MM, 894, 2124, 0
MM, 892, 2124, 2
MM, 891, 2124, 6
MM, 889, 2124, 4
MM, 888, 2124, 2
MM, 887, 2124, 4
MP, 2, 1156
MR, 2, 129
MC, 1, 0
MM, 888, 2124, 674
MM, 890, 2124, 4
MM, 893, 2124, 1
MM, 894, 2124, 1
MM, 897, 2124, 1
MM, 900, 2124, 2
MM, 904, 2124, 2
MM, 907, 2124, 3
MM, 910, 2124, 2
MM, 915, 2124, 1
MM, 919, 2124, 2
MM, 924, 2124, 2
MM, 927, 2124, 2
MM, 930, 2124, 2
MM, 934, 2124, 2
MM, 935, 2124, 4
MM, 938, 2124, 1
MM, 939, 2124, 3
MM, 941, 2124, 1
MM, 942, 2124, 4
MM, 944, 2124, 16
MM, 945, 2124, 22
MM, 947, 2124, 2
MM, 948, 2124, 2
MM, 949, 2124, 2
MM, 951, 2124, 2
MM, 952, 2124, 2
MM, 955, 2124, 2
MM, 957, 2123, 2
MM, 960, 2122, 2
MM, 963, 2120, 5
MM, 966, 2120, 1
MM, 970, 2118, 0
MM, 971, 2118, 2
MM, 974, 2117, 2
MM, 976, 2117, 1
MM, 979, 2117, 2
MM, 980, 2115, 2
MM, 983, 2115, 2
MM, 985, 2115, 2
MM, 986, 2115, 2
MM, 988, 2114, 2
MM, 989, 2114, 12
MM, 989, 2113, 744
MM, 989, 2111, 47
MM, 989, 2110, 4
MM, 990, 2108, 5
MM, 992, 2107, 0
MM, 993, 2106, 1
MM, 993, 2102, 2
MM, 995, 2101, 2
MM, 996, 2098, 2
MM, 996, 2095, 2
MM, 998, 2091, 2
MM, 998, 2088, 2
MM, 1000, 2085, 2
MM, 1001, 2081, 2
MM, 1003, 2078, 2
MM, 1005, 2074, 2
MM, 1006, 2071, 2
MM, 1008, 2068, 2
MM, 1010, 2064, 2
MM, 1011, 2063, 2
MM, 1013, 2060, 3
MM, 1015, 2056, 1
MM, 1016, 2053, 2
MM, 1016, 2051, 2
MM, 1016, 2048, 2
MM, 1018, 2047, 2
MM, 1019, 2046, 4
MM, 1021, 2042, 2
MM, 1021, 2041, 2
MM, 1021, 2040, 2
MM, 1021, 2038, 2
MM, 1022, 2035, 6
MM, 1024, 2034, 6
MM, 1024, 2032, 6
MM, 1024, 2031, 2
MM, 1025, 2028, 4
MM, 1025, 2026, 2
MM, 1027, 2025, 2
MM, 1027, 2022, 2
MM, 1027, 2020, 2
MM, 1028, 2019, 2
MM, 1030, 2016, 2
MM, 1030, 2013, 2
MM, 1031, 2009, 2
MM, 1033, 2008, 2
MM, 1033, 2005, 2
MM, 1033, 2002, 2
MM, 1034, 1998, 2
MM, 1036, 1995, 2
MM, 1038, 1991, 2
MM, 1040, 1988, 4
MM, 1041, 1984, 0
MM, 1041, 1981, 2
MM, 1043, 1978, 2
MM, 1045, 1974, 2
MM, 1045, 1969, 1
MM, 1046, 1966, 2
MM, 1048, 1962, 2
MM, 1052, 1955, 4
MM, 1052, 1952, 2
MM, 1053, 1949, 2
MM, 1053, 1947, 2
MM, 1055, 1944, 3
MM, 1055, 1943, 1
MM, 1056, 1941, 2
MM, 1056, 1940, 2
MM, 1058, 1939, 2
MM, 1058, 1937, 2
MM, 1059, 1936, 6
MM, 1059, 1934, 3
MM, 1061, 1933, 3
MM, 1061, 1931, 4
MM, 1062, 1931, 105
MM, 1062, 1932, 23
MM, 1062, 1933, 2
MM, 1062, 1935, 2
MM, 1062, 1936, 3
MM, 1062, 1938, 1
MM, 1062, 1941, 2
MM, 1062, 1942, 2
MM, 1061, 1945, 2
MM, 1060, 1949, 2
MM, 1058, 1952, 2
MM, 1058, 1953, 2
MM, 1056, 1956, 2
MM, 1055, 1960, 2
MM, 1055, 1961, 2
MM, 1055, 1963, 2
MM, 1053, 1966, 2
MM, 1053, 1967, 2
MM, 1052, 1969, 2
MM, 1050, 1970, 2
MM, 1049, 1972, 5
MM, 1047, 1973, 5
MM, 1046, 1974, 2
MM, 1045, 1976, 2
MM, 1043, 1976, 4
MM, 1042, 1977, 2
MM, 1040, 1979, 4
MM, 1040, 1980, 2
MM, 1039, 1980, 2
MM, 1039, 1982, 6
MM, 1037, 1982, 0
MM, 1036, 1983, 2
MM, 1035, 1984, 2
MM, 1033, 1986, 2
MM, 1032, 1986, 2
MM, 1030, 1987, 2
MM, 1029, 1989, 2
MM, 1028, 1990, 2
MM, 1024, 1992, 3
MM, 1023, 1993, 2
MM, 1022, 1994, 1
MM, 1019, 1994, 2
MM, 1017, 1996, 2
MM, 1016, 1997, 2
MM, 1013, 1999, 3
MM, 1009, 2001, 2
MM, 1008, 2002, 3
MM, 1005, 2004, 1
MM, 1001, 2005, 2
MM, 998, 2007, 2
MM, 994, 2009, 2
MM, 991, 2010, 2
MM, 987, 2014, 2
MM, 984, 2016, 2
MM, 981, 2017, 2
MM, 979, 2019, 2
MM, 976, 2022, 2
MM, 974, 2023, 2
MM, 971, 2025, 2
MM, 968, 2027, 2
MM, 967, 2028, 2
MM, 965, 2030, 2
MM, 962, 2031, 4
MM, 959, 2031, 1
MM, 955, 2033, 1
MM, 954, 2034, 2
MM, 951, 2034, 2
MM, 949, 2036, 2
MM, 946, 2036, 2
MM, 945, 2037, 2
MM, 944, 2037, 2
MM, 942, 2037, 2
MM, 941, 2039, 2
MM, 938, 2039, 2
MM, 936, 2040, 2
MM, 935, 2040, 2
MM, 933, 2041, 2
MM, 932, 2043, 3
MM, 931, 2043, 1
MM, 929, 2043, 1
MM, 928, 2043, 75
MM, 928, 2042, 13
MM, 926, 2041, 8
MM, 926, 2040, 3
MM, 926, 2038, 2
MM, 926, 2037, 18
MM, 925, 2037, 10
MM, 924, 2037, 28
MP, 1, 48
MR, 1, 96
MC, 1, 0
MP, 1, 96
MR, 1, 88
MC, 2, 0
MP, 1, 70
MR, 1, 68
MC, 3, 0
MP, 1, 84
