********************************************************************************
LOGGING TIME: 20201017_135528
CLIENT IP: 192.168.1.8
USERNAME: Daiveek Sai P
OS: Windows 10
ARCHITECTURE: amd64
VERSION: 10.0
RESOLUTION: 1536.0 864.0
********************************************************************************
********************************************************************************
LOGGING TIME: 20201017_135528
CLIENT IP: 192.168.1.8
USERNAME: Daiveek Sai P
OS: Windows 10
ARCHITECTURE: amd64
VERSION: 10.0
RESOLUTION: 1536.0 864.0
********************************************************************************
MM, 2867, 1302, 1602022819917
MM, 2868, 1302, 7
MM, 2868, 1302, 1602022819922
MM, 2874, 1302, 7
MM, 2874, 1302, 13
MM, 2914, 1312, 17
MM, 2920, 1314, 1
MM, 2914, 1312, 10
MM, 2920, 1314, 2
MM, 2927, 1314, 2
MM, 2935, 1314, 2
MM, 2927, 1314, 1
MM, 2945, 1316, 2
MM, 2935, 1314, 2
MM, 2956, 1318, 2
MM, 2945, 1316, 2
MM, 2964, 1320, 2
MM, 2956, 1318, 2
MM, 2974, 1320, 2
MM, 2964, 1320, 3
MM, 2984, 1320, 2
MM, 2974, 1320, 2
MM, 2995, 1322, 2
MM, 2984, 1320, 1
MM, 3005, 1322, 2
MM, 2995, 1322, 3
MM, 3016, 1325, 2
MM, 3005, 1322, 2
MM, 3040, 1327, 4
MM, 3016, 1325, 2
MM, 3054, 1327, 2
MM, 3030, 1327, 2
MM, 3064, 1327, 2
MM, 3040, 1327, 2
MM, 3054, 1327, 2
MM, 3078, 1329, 2
MM, 3092, 1329, 2
MM, 3064, 1327, 2
MM, 3102, 1329, 2
MM, 3078, 1329, 1
MM, 3113, 1329, 3
MM, 3092, 1329, 3
MM, 3123, 1329, 1
MM, 3102, 1329, 1
MM, 3133, 1329, 2
MM, 3113, 1329, 3
MM, 3123, 1329, 2
MM, 3144, 1329, 2
MM, 3154, 1329, 2
MM, 3133, 1329, 2
MM, 3144, 1329, 1
MM, 3161, 1329, 2
MM, 3154, 1329, 2
MM, 3167, 1329, 2
MM, 3161, 1329, 3
MM, 3174, 1328, 2
MM, 3167, 1329, 2
MM, 3180, 1326, 2
MM, 3174, 1328, 1
MM, 3183, 1326, 2
MM, 3180, 1326, 3
MM, 3186, 1326, 2
MM, 3188, 1325, 4
MM, 3183, 1326, 1
MM, 3186, 1326, 2
MM, 3188, 1325, 4
MM, 3188, 1324, 140
MM, 3188, 1324, 140
MM, 3187, 1322, 2
MM, 3187, 1322, 2
MM, 3186, 1321, 2
MM, 3186, 1321, 2
MM, 3184, 1319, 2
MM, 3184, 1319, 2
MM, 3183, 1318, 2
MM, 3183, 1318, 3
MM, 3180, 1316, 2
MM, 3180, 1316, 1
MM, 3176, 1313, 2
MM, 3176, 1313, 2
MM, 3173, 1309, 2
MM, 3173, 1309, 2
MM, 3169, 1306, 2
MM, 3169, 1306, 2
MM, 3166, 1302, 2
MM, 3166, 1302, 2
MM, 3160, 1298, 2
MM, 3160, 1298, 2
MM, 3154, 1293, 2
MM, 3154, 1293, 2
MM, 3148, 1287, 2
MM, 3148, 1287, 2
MM, 3136, 1277, 2
MM, 3136, 1277, 2
MM, 3124, 1268, 2
MM, 3124, 1268, 2
MM, 3112, 1255, 2
MM, 3112, 1255, 2
MM, 3097, 1243, 2
MM, 3097, 1243, 2
MM, 3081, 1227, 2
MM, 3081, 1227, 2
MM, 3062, 1208, 2
MM, 3062, 1208, 2
MM, 3044, 1192, 2
MM, 3044, 1192, 2
MM, 3022, 1173, 2
MM, 2997, 1154, 2
MM, 3022, 1173, 2
MM, 2972, 1131, 2
MM, 2997, 1154, 2
MM, 2972, 1131, 2
MM, 2947, 1112, 2
MM, 2947, 1112, 2
MM, 2922, 1095, 2
MM, 2922, 1095, 2
MM, 2897, 1076, 2
MM, 2897, 1076, 2
MM, 2869, 1059, 2
MM, 2869, 1059, 2
MM, 2841, 1040, 2
MM, 2841, 1040, 2
MM, 2813, 1026, 2
MM, 2813, 1026, 2
MM, 2782, 1008, 2
MM, 2782, 1008, 2
MM, 2754, 995, 2
MM, 2754, 995, 2
MM, 2723, 980, 2
MM, 2723, 980, 2
MM, 2695, 967, 2
MM, 2695, 967, 2
MM, 2667, 953, 2
MM, 2667, 953, 2
MM, 2643, 942, 2
MM, 2643, 942, 2
MM, 2619, 931, 2
MM, 2619, 931, 2
MM, 2580, 913, 4
MM, 2580, 913, 4
MM, 2559, 905, 2
MM, 2559, 905, 2
MM, 2541, 900, 2
MM, 2541, 900, 2
MM, 2523, 895, 2
MM, 2523, 895, 2
MM, 2509, 893, 2
MM, 2509, 893, 2
MM, 2495, 890, 2
MM, 2495, 890, 2
MM, 2479, 890, 2
MM, 2479, 890, 3
MM, 2465, 890, 2
MM, 2465, 890, 1
MM, 2451, 890, 2
MM, 2451, 890, 2
MM, 2438, 890, 2
MM, 2438, 890, 2
MM, 2424, 892, 2
MM, 2424, 892, 2
MM, 2410, 894, 2
MM, 2410, 894, 2
MM, 2396, 896, 2
MM, 2396, 896, 2
MM, 2385, 901, 2
MM, 2385, 901, 2
MM, 2370, 906, 2
MM, 2370, 906, 2
MM, 2359, 910, 2
MM, 2359, 910, 2
MM, 2345, 912, 2
MM, 2345, 912, 2
MM, 2333, 919, 2
MM, 2333, 919, 2
MM, 2319, 924, 2
MM, 2319, 924, 2
MM, 2304, 932, 2
MM, 2304, 932, 2
MM, 2292, 939, 2
MM, 2292, 939, 2
MM, 2278, 946, 2
MM, 2278, 946, 2
MM, 2251, 963, 4
MM, 2251, 963, 5
MM, 2236, 973, 2
MM, 2236, 973, 1
MM, 2224, 983, 2
MM, 2224, 983, 2
MM, 2209, 993, 2
MM, 2209, 993, 2
MM, 2194, 1003, 2
MM, 2194, 1003, 2
MM, 2181, 1015, 2
MM, 2181, 1015, 2
MM, 2169, 1027, 2
MM, 2169, 1027, 2
MM, 2154, 1040, 2
MM, 2154, 1040, 3
MM, 2141, 1052, 2
MM, 2141, 1052, 2
MM, 2126, 1068, 2
MM, 2126, 1068, 1
MM, 2110, 1083, 2
MM, 2110, 1083, 2
MM, 2098, 1099, 2
MM, 2098, 1099, 2
MM, 2082, 1117, 2
MM, 2082, 1117, 2
MM, 2066, 1136, 2
MM, 2066, 1136, 2
MM, 2050, 1158, 2
MM, 2050, 1158, 2
MM, 2034, 1176, 2
MM, 2034, 1176, 2
MM, 2020, 1198, 2
MM, 2020, 1198, 2
MM, 2004, 1216, 2
MM, 2004, 1216, 2
MM, 1988, 1235, 2
MM, 1988, 1235, 2
MM, 1972, 1257, 2
MM, 1972, 1257, 2
MM, 1959, 1278, 2
MM, 1959, 1278, 2
MM, 1943, 1297, 2
MM, 1943, 1297, 2
MM, 1927, 1315, 2
MM, 1927, 1315, 2
MM, 1911, 1334, 2
MM, 1911, 1334, 3
MM, 1892, 1356, 2
MM, 1892, 1356, 1
MM, 1876, 1374, 2
MM, 1876, 1374, 2
MM, 1860, 1390, 2
MM, 1860, 1390, 2
MM, 1844, 1408, 2
MM, 1844, 1408, 2
MM, 1825, 1427, 2
MM, 1825, 1427, 2
MM, 1804, 1443, 2
MM, 1804, 1443, 2
MM, 1785, 1462, 2
MM, 1785, 1462, 2
MM, 1763, 1481, 3
MM, 1763, 1481, 3
MM, 1744, 1500, 1
MM, 1744, 1500, 1
MM, 1726, 1519, 2
MM, 1726, 1519, 2
MM, 1707, 1538, 2
MM, 1707, 1538, 2
MM, 1685, 1560, 2
MM, 1685, 1560, 2
MM, 1663, 1582, 2
MM, 1663, 1582, 2
MM, 1641, 1601, 2
MM, 1641, 1601, 2
MM, 1619, 1623, 2
MM, 1619, 1623, 2
MM, 1597, 1642, 2
MM, 1597, 1642, 3
MM, 1572, 1664, 2
MM, 1572, 1664, 2
MM, 1550, 1684, 2
MM, 1550, 1684, 1
MM, 1528, 1706, 2
MM, 1528, 1706, 3
MM, 1506, 1728, 2
MM, 1506, 1728, 1
MM, 1484, 1747, 2
MM, 1484, 1747, 2
MM, 1462, 1766, 2
MM, 1462, 1766, 2
MM, 1440, 1785, 2
MM, 1440, 1785, 3
MM, 1421, 1804, 2
MM, 1421, 1804, 2
MM, 1400, 1820, 2
MM, 1400, 1820, 1
MM, 1378, 1839, 2
MM, 1378, 1839, 2
MM, 1359, 1855, 2
MM, 1359, 1855, 2
MM, 1341, 1871, 2
MM, 1341, 1871, 2
MM, 1325, 1887, 2
MM, 1325, 1887, 2
MM, 1310, 1902, 2
MM, 1310, 1902, 2
MM, 1285, 1930, 4
MM, 1285, 1930, 5
MM, 1275, 1939, 2
MM, 1275, 1939, 1
MM, 1263, 1948, 2
MM, 1263, 1948, 3
MM, 1254, 1958, 2
MM, 1254, 1958, 2
MM, 1248, 1966, 2
MM, 1248, 1966, 2
MM, 1242, 1972, 2
MM, 1242, 1972, 2
MM, 1236, 1978, 2
MM, 1236, 1978, 2
MM, 1233, 1981, 3
MM, 1233, 1981, 2
MM, 1229, 1987, 1
MM, 1229, 1987, 2
MM, 1225, 1993, 2
MM, 1225, 1993, 2
MM, 1224, 1996, 2
MM, 1224, 1996, 2
MM, 1222, 1999, 2
MM, 1222, 1999, 2
MM, 1220, 2001, 2
MM, 1220, 2001, 2
MM, 1219, 2002, 2
MM, 1219, 2002, 2
MM, 1218, 2004, 2
MM, 1218, 2004, 2
MM, 1216, 2005, 3
MM, 1216, 2005, 2
MM, 1216, 2006, 1
MM, 1216, 2006, 2
MM, 1215, 2008, 2
MM, 1215, 2008, 2
MM, 1215, 2009, 2
MM, 1215, 2009, 2
MM, 1215, 2011, 2
MM, 1215, 2011, 2
MM, 1215, 2012, 2
MM, 1215, 2012, 2
MM, 1213, 2014, 2
MM, 1213, 2014, 2
MM, 1213, 2015, 2
MM, 1213, 2015, 2
MM, 1213, 2016, 4
MM, 1213, 2016, 4
MM, 1213, 2018, 2
MM, 1213, 2018, 2
MM, 1212, 2019, 2
MM, 1212, 2019, 2
MM, 1212, 2021, 4
MM, 1212, 2021, 4
MM, 1212, 2022, 4
MM, 1212, 2022, 4
MM, 1212, 2024, 4
MM, 1212, 2024, 4
MM, 1211, 2024, 6
MM, 1211, 2024, 6
MM, 1209, 2024, 4
MM, 1209, 2024, 4
MM, 1208, 2025, 2
MM, 1208, 2025, 2
MM, 1206, 2026, 3
MM, 1206, 2026, 2
MM, 1205, 2028, 2
MM, 1205, 2028, 1
MM, 1202, 2029, 2
MM, 1202, 2029, 2
MM, 1198, 2031, 2
MM, 1198, 2031, 2
MM, 1195, 2033, 3
MM, 1195, 2033, 2
MM, 1191, 2035, 2
MM, 1191, 2035, 2
MM, 1186, 2036, 1
MM, 1186, 2036, 2
MM, 1180, 2038, 3
MM, 1180, 2038, 2
MM, 1175, 2040, 2
MM, 1175, 2040, 3
MM, 1167, 2044, 2
MM, 1167, 2044, 1
MM, 1159, 2046, 2
MM, 1159, 2046, 2
MM, 1152, 2048, 2
MM, 1152, 2048, 2
MM, 1140, 2052, 2
MM, 1140, 2052, 2
MM, 1129, 2055, 2
MM, 1129, 2055, 2
MM, 1121, 2059, 2
MM, 1121, 2059, 2
MM, 1110, 2063, 2
MM, 1110, 2063, 2
MM, 1099, 2068, 2
MM, 1099, 2068, 2
MM, 1088, 2070, 2
MM, 1088, 2070, 2
MM, 1077, 2072, 2
MM, 1077, 2072, 2
MM, 1067, 2072, 2
MM, 1067, 2072, 2
MM, 1052, 2077, 2
MM, 1052, 2077, 2
MM, 1038, 2079, 2
MM, 1038, 2079, 2
MM, 1028, 2079, 1
MM, 1028, 2079, 1
MM, 1014, 2082, 2
MM, 1014, 2082, 2
MM, 1000, 2082, 2
MM, 1000, 2082, 2
MM, 986, 2084, 2
MM, 986, 2084, 2
MM, 959, 2084, 4
MM, 959, 2084, 4
MM, 945, 2084, 2
MM, 945, 2084, 2
MM, 931, 2086, 2
MM, 931, 2086, 2
MM, 918, 2086, 2
MM, 918, 2086, 2
MM, 904, 2089, 2
MM, 904, 2089, 2
MM, 890, 2091, 2
MM, 890, 2091, 2
MM, 876, 2091, 2
MM, 876, 2091, 2
MM, 862, 2093, 2
MM, 862, 2093, 2
MM, 851, 2095, 2
MM, 851, 2095, 2
MM, 827, 2100, 4
MM, 827, 2100, 4
MM, 816, 2102, 2
MM, 816, 2102, 2
MM, 802, 2104, 2
MM, 802, 2104, 2
MM, 791, 2107, 2
MM, 791, 2107, 2
MM, 780, 2111, 2
MM, 780, 2111, 2
MM, 772, 2113, 2
MM, 772, 2113, 2
MM, 761, 2115, 2
MM, 761, 2115, 2
MM, 753, 2119, 2
MM, 753, 2119, 2
MM, 745, 2121, 2
MM, 745, 2121, 2
MM, 739, 2123, 2
MM, 739, 2123, 2
MM, 734, 2125, 2
MM, 734, 2125, 2
MM, 731, 2127, 2
MM, 731, 2127, 2
MM, 727, 2128, 2
MM, 727, 2128, 2
MM, 726, 2130, 2
MM, 726, 2130, 2
MM, 726, 2131, 26
MM, 726, 2131, 26
MM, 728, 2131, 2
MM, 728, 2131, 2
MM, 729, 2131, 4
MM, 729, 2131, 4
MM, 730, 2131, 2
MM, 730, 2131, 2
MM, 732, 2131, 2
MM, 732, 2131, 2
MM, 733, 2131, 2
MM, 733, 2131, 2
MM, 735, 2131, 2
MM, 735, 2131, 3
MM, 738, 2131, 2
MM, 738, 2131, 1
MM, 739, 2131, 2
MM, 739, 2131, 2
MM, 742, 2131, 2
MM, 742, 2131, 2
MM, 744, 2131, 4
MM, 744, 2131, 4
MM, 745, 2129, 4
MM, 745, 2129, 4
MM, 746, 2128, 2
MM, 746, 2128, 2
MM, 749, 2128, 2
MM, 749, 2128, 2
MM, 751, 2128, 2
MM, 751, 2128, 2
MM, 752, 2126, 4
MM, 752, 2126, 4
MM, 754, 2125, 2
MM, 754, 2125, 2
MM, 755, 2125, 2
MM, 755, 2125, 2
MM, 757, 2125, 2
MM, 757, 2125, 2
MM, 761, 2125, 4
MM, 761, 2125, 4
MM, 762, 2125, 6
MM, 762, 2125, 6
MM, 764, 2124, 9
MM, 764, 2124, 8
MM, 765, 2124, 1
MM, 765, 2124, 2
MM, 767, 2124, 4
MM, 767, 2124, 4
MM, 770, 2124, 2
MM, 770, 2124, 2
MM, 771, 2124, 4
MM, 771, 2124, 4
MM, 774, 2124, 2
MM, 774, 2124, 2
MM, 777, 2124, 4
MM, 777, 2124, 4
MM, 781, 2124, 2
MM, 781, 2124, 2
MM, 784, 2124, 2
MM, 784, 2124, 2
MM, 785, 2124, 2
MM, 785, 2124, 2
MM, 788, 2124, 2
MM, 788, 2124, 2
MM, 790, 2124, 2
MM, 790, 2124, 2
MM, 796, 2122, 5
MM, 796, 2122, 4
MM, 801, 2122, 2
MM, 801, 2122, 1
MM, 805, 2120, 2
MM, 805, 2120, 2
MM, 808, 2120, 2
MM, 808, 2120, 2
MM, 811, 2120, 2
MM, 811, 2120, 2
MM, 814, 2120, 2
MM, 814, 2120, 2
MM, 818, 2119, 2
MM, 818, 2119, 2
MM, 821, 2119, 2
MM, 821, 2119, 2
MM, 824, 2119, 2
MM, 824, 2119, 2
MM, 830, 2119, 2
MM, 830, 2119, 2
MM, 833, 2117, 2
MM, 833, 2117, 2
MM, 836, 2117, 2
MM, 836, 2117, 2
MM, 839, 2117, 2
MM, 839, 2117, 2
MM, 843, 2117, 2
MM, 843, 2117, 2
MM, 846, 2115, 2
MM, 846, 2115, 2
MM, 849, 2115, 2
MM, 849, 2115, 2
MM, 852, 2115, 2
MM, 852, 2115, 2
MM, 856, 2113, 2
MM, 856, 2113, 2
MM, 857, 2113, 2
MM, 857, 2113, 2
MM, 860, 2113, 2
MM, 860, 2113, 3
MM, 862, 2113, 2
MM, 862, 2113, 1
MM, 863, 2113, 2
MM, 863, 2113, 2
MM, 865, 2113, 2
MM, 865, 2113, 2
MM, 869, 2113, 5
MM, 869, 2113, 5
MM, 870, 2113, 2
MM, 870, 2113, 1
MM, 872, 2113, 6
MM, 872, 2113, 6
MM, 873, 2113, 6
MM, 873, 2113, 6
MM, 875, 2113, 12
MM, 875, 2113, 12
MM, 876, 2113, 10
MM, 876, 2113, 10
MM, 878, 2113, 2
MM, 878, 2113, 1
MM, 879, 2113, 4
MM, 879, 2113, 5
MM, 882, 2113, 4
MM, 882, 2113, 4
MM, 885, 2113, 2
MM, 885, 2113, 2
MM, 886, 2113, 2
MM, 886, 2113, 2
MM, 888, 2113, 2
MM, 888, 2113, 2
MM, 891, 2113, 4
MM, 891, 2113, 4
MM, 892, 2113, 2
MM, 892, 2113, 2
MM, 894, 2113, 2
MM, 894, 2113, 2
MM, 897, 2113, 2
MM, 897, 2113, 2
MM, 898, 2113, 2
MM, 898, 2113, 2
MM, 899, 2113, 2
MM, 899, 2113, 2
MM, 902, 2113, 2
MM, 902, 2113, 2
MM, 904, 2114, 2
MM, 904, 2114, 2
MM, 905, 2115, 2
MM, 905, 2115, 2
MM, 908, 2115, 2
MM, 908, 2115, 2
MM, 910, 2115, 4
MM, 910, 2115, 4
MM, 913, 2117, 2
MM, 913, 2117, 2
MM, 914, 2117, 2
MM, 914, 2117, 2
MM, 917, 2117, 2
MM, 917, 2117, 2
MM, 919, 2117, 2
MM, 919, 2117, 2
MM, 922, 2117, 2
MM, 922, 2117, 2
MM, 925, 2117, 2
MM, 925, 2117, 2
MM, 928, 2118, 2
MM, 928, 2118, 2
MM, 930, 2118, 2
MM, 930, 2118, 2
MM, 931, 2118, 2
MM, 931, 2118, 2
MM, 934, 2118, 2
MM, 934, 2118, 2
MM, 937, 2118, 2
MM, 937, 2118, 2
MM, 939, 2118, 2
MM, 939, 2118, 2
MM, 942, 2118, 2
MM, 942, 2118, 2
MM, 943, 2118, 2
MM, 943, 2118, 2
MM, 948, 2118, 4
MM, 948, 2118, 4
MM, 949, 2118, 4
MM, 949, 2118, 4
MM, 951, 2118, 2
MM, 951, 2118, 2
MM, 952, 2118, 2
MM, 952, 2118, 2
MM, 953, 2118, 5
MM, 953, 2118, 4
MM, 955, 2118, 95
MM, 955, 2118, 95
MM, 956, 2118, 10
MM, 956, 2118, 10
MM, 958, 2118, 4
MM, 958, 2118, 4
MM, 959, 2118, 172
MM, 959, 2118, 173
MM, 962, 2118, 7
MM, 962, 2118, 9
MM, 964, 2120, 2
MM, 964, 2120, 2
MM, 965, 2120, 2
MM, 965, 2120, 2
MM, 968, 2120, 2
MM, 968, 2120, 2
MM, 969, 2121, 2
MM, 969, 2121, 2
MM, 972, 2121, 2
MM, 972, 2121, 2
MM, 976, 2121, 2
MM, 976, 2121, 2
MM, 977, 2123, 2
MM, 977, 2123, 2
MM, 980, 2124, 2
MM, 980, 2124, 2
MM, 983, 2124, 2
MM, 983, 2124, 2
MM, 987, 2124, 4
MM, 987, 2124, 4
MM, 988, 2124, 2
MM, 988, 2124, 2
MM, 989, 2124, 4
MM, 989, 2124, 4
MM, 991, 2124, 2
MM, 991, 2124, 2
MM, 992, 2124, 2
MM, 992, 2124, 2
MM, 994, 2124, 2
MM, 994, 2124, 2
MM, 995, 2124, 2
MM, 995, 2124, 2
MM, 997, 2122, 2
MM, 997, 2122, 2
MM, 998, 2122, 3
MM, 998, 2122, 5
MM, 999, 2122, 2
MM, 999, 2122, 2
MM, 999, 2121, 68
MM, 999, 2121, 67
MP, 1, 36
MP, 1, 36
MR, 1, 94
MR, 1, 94
MC, 1, 0
MC, 1, 0
MM, 1001, 2121, 272
MM, 1001, 2121, 272
MM, 1002, 2121, 2
MM, 1002, 2121, 2
MM, 1004, 2121, 2
MM, 1004, 2121, 2
MM, 1007, 2119, 2
MM, 1007, 2119, 2
MM, 1010, 2119, 2
MM, 1010, 2119, 2
MM, 1013, 2119, 2
MM, 1013, 2119, 2
MM, 1019, 2118, 2
MM, 1019, 2118, 2
MM, 1026, 2116, 2
MM, 1026, 2116, 2
MM, 1034, 2114, 2
MM, 1034, 2114, 2
MM, 1042, 2112, 2
MM, 1042, 2112, 2
MM, 1049, 2110, 2
MM, 1049, 2110, 2
MM, 1061, 2105, 2
MM, 1061, 2105, 2
MM, 1072, 2101, 2
MM, 1072, 2101, 2
MM, 1083, 2096, 2
MM, 1083, 2096, 2
MM, 1113, 2084, 5
MM, 1113, 2084, 4
MM, 1127, 2077, 2
MM, 1127, 2077, 1
MM, 1142, 2069, 2
MM, 1142, 2069, 2
MM, 1157, 2062, 2
MM, 1157, 2062, 2
MM, 1175, 2054, 2
MM, 1175, 2054, 2
MM, 1189, 2047, 2
MM, 1189, 2047, 2
MM, 1207, 2039, 2
MM, 1207, 2039, 2
MM, 1225, 2029, 2
MM, 1225, 2029, 2
MM, 1244, 2019, 2
MM, 1244, 2019, 2
MM, 1262, 2008, 2
MM, 1262, 2008, 2
MM, 1277, 1998, 2
MM, 1277, 1998, 2
MM, 1295, 1988, 2
MM, 1295, 1988, 2
MM, 1316, 1975, 2
MM, 1316, 1975, 2
MM, 1334, 1964, 2
MM, 1334, 1964, 2
MM, 1353, 1954, 2
MM, 1353, 1954, 2
MM, 1371, 1943, 2
MM, 1371, 1943, 2
MM, 1386, 1931, 2
MM, 1386, 1931, 2
MM, 1401, 1921, 2
MM, 1401, 1921, 2
MM, 1419, 1908, 2
MM, 1419, 1908, 2
MM, 1438, 1897, 2
MM, 1438, 1897, 2
MM, 1453, 1884, 2
MM, 1453, 1884, 2
MM, 1468, 1874, 2
MM, 1468, 1874, 2
MM, 1483, 1859, 2
MM, 1483, 1859, 2
MM, 1517, 1833, 4
MM, 1517, 1833, 4
MM, 1532, 1820, 2
MM, 1532, 1820, 2
MM, 1548, 1805, 2
MM, 1548, 1805, 2
MM, 1563, 1792, 2
MM, 1563, 1792, 2
MM, 1579, 1776, 2
MM, 1579, 1776, 2
MM, 1598, 1758, 2
MM, 1598, 1758, 2
MM, 1614, 1739, 2
MM, 1614, 1739, 2
MM, 1626, 1724, 2
MM, 1626, 1724, 2
MM, 1639, 1705, 2
MM, 1639, 1705, 2
MM, 1655, 1687, 2
MM, 1655, 1687, 2
MM, 1669, 1668, 2
MM, 1669, 1668, 2
MM, 1682, 1647, 2
MM, 1682, 1647, 2
MM, 1695, 1628, 2
MM, 1695, 1628, 2
MM, 1708, 1610, 2
MM, 1708, 1610, 2
MM, 1724, 1591, 3
MM, 1724, 1591, 2
MM, 1738, 1570, 1
MM, 1738, 1570, 2
MM, 1751, 1549, 2
MM, 1751, 1549, 2
MM, 1767, 1530, 2
MM, 1767, 1530, 2
MM, 1780, 1512, 2
MM, 1780, 1512, 2
MM, 1793, 1493, 2
MM, 1793, 1493, 2
MM, 1809, 1475, 2
MM, 1809, 1475, 2
MM, 1823, 1453, 2
MM, 1823, 1453, 2
MM, 1836, 1435, 2
MM, 1836, 1435, 2
MM, 1867, 1401, 4
MM, 1867, 1401, 4
MM, 1880, 1382, 2
MM, 1880, 1382, 2
MM, 1893, 1364, 2
MM, 1893, 1364, 2
MM, 1909, 1348, 2
MM, 1909, 1348, 2
MM, 1922, 1333, 2
MM, 1922, 1333, 2
MM, 1937, 1317, 2
MM, 1937, 1317, 3
MM, 1981, 1271, 6
MM, 1968, 1286, 4
MM, 1997, 1256, 2
MM, 1981, 1271, 1
MM, 1997, 1256, 2
MM, 2012, 1243, 2
MM, 2027, 1230, 2
MM, 2012, 1243, 2
MM, 2027, 1230, 2
MM, 2039, 1220, 2
MM, 2055, 1208, 2
MM, 2039, 1220, 3
MM, 2067, 1198, 2
MM, 2055, 1208, 2
MM, 2067, 1198, 1
MM, 2079, 1188, 2
MM, 2079, 1188, 2
MM, 2091, 1179, 2
MM, 2100, 1170, 4
MM, 2100, 1170, 3
MM, 2109, 1161, 2
MM, 2109, 1161, 1
MM, 2117, 1154, 2
MM, 2117, 1154, 3
MM, 2129, 1145, 2
MM, 2129, 1145, 2
MM, 2138, 1138, 2
MM, 2138, 1138, 2
MM, 2144, 1132, 2
MM, 2144, 1132, 2
MM, 2152, 1126, 3
MM, 2152, 1126, 2
MM, 2158, 1120, 2
MM, 2158, 1120, 3
MM, 2164, 1116, 4
MM, 2164, 1116, 4
MM, 2171, 1109, 2
MM, 2171, 1109, 2
MM, 2175, 1106, 2
MM, 2175, 1106, 2
MM, 2178, 1102, 1
MM, 2178, 1102, 1
MM, 2180, 1099, 2
MM, 2180, 1099, 2
MM, 2181, 1097, 3
MM, 2181, 1097, 2
MM, 2183, 1096, 2
MM, 2183, 1096, 2
MM, 2184, 1094, 1
MM, 2184, 1094, 2
MM, 2186, 1093, 72
MM, 2186, 1093, 72
MM, 2185, 1093, 4
MM, 2185, 1093, 4
MM, 2184, 1093, 2
MM, 2184, 1093, 2
MM, 2182, 1095, 3
MM, 2182, 1096, 1
MM, 2182, 1095, 2
MM, 2200, 1068, 303
MM, 2182, 1096, 2
MM, 2200, 1068, 586
MM, 2279, 958, 297
MM, 2279, 958, 14
MM, 2293, 917, 2
MM, 2293, 917, 2
MM, 2315, 883, 2
MM, 2315, 883, 1
MM, 2349, 868, 1
MM, 2349, 868, 2
MM, 2368, 866, 2
MM, 2368, 866, 1
MM, 2395, 826, 1
MM, 2395, 826, 1
MM, 2430, 773, 1
MM, 2430, 773, 2
MM, 2446, 728, 3
MM, 2465, 692, 5
MM, 2472, 684, 1
MM, 2465, 692, 1
MM, 2472, 684, 1
MM, 2474, 682, 61
MM, 2474, 682, 61
MM, 2474, 681, 2
MM, 2474, 681, 3
MM, 2475, 681, 2
MM, 2475, 681, 1
MM, 2477, 679, 2
MM, 2477, 679, 3
MM, 2480, 678, 2
MM, 2480, 678, 2
MM, 2481, 677, 1
MM, 2481, 677, 2
MM, 2483, 675, 2
MM, 2483, 675, 2
MM, 2486, 674, 2
MM, 2486, 674, 3
MM, 2487, 672, 2
MM, 2487, 672, 1
MM, 2490, 671, 2
MM, 2490, 671, 3
MM, 2492, 669, 2
MM, 2492, 669, 2
MM, 2495, 669, 2
MM, 2495, 669, 1
MM, 2498, 667, 2
MM, 2498, 667, 3
MM, 2500, 666, 2
MM, 2500, 666, 2
MM, 2501, 666, 2
MM, 2501, 666, 1
MM, 2504, 664, 2
MM, 2504, 664, 2
MM, 2507, 664, 2
MM, 2507, 664, 3
MM, 2511, 663, 2
MM, 2511, 663, 1
MM, 2512, 661, 2
MM, 2512, 661, 3
MM, 2514, 660, 4
MM, 2514, 660, 4
MM, 2515, 660, 2
MM, 2515, 660, 2
MM, 2516, 660, 87
MM, 2516, 660, 86
MM, 2516, 662, 2
MM, 2516, 662, 2
MM, 2516, 663, 4
MM, 2516, 663, 4
MM, 2516, 665, 4
MM, 2516, 665, 4
MM, 2515, 666, 2
MM, 2515, 666, 2
MM, 2515, 667, 1
MM, 2515, 667, 1
MM, 2515, 669, 2
MM, 2515, 669, 2
MM, 2515, 672, 4
MM, 2515, 672, 4
MM, 2515, 673, 2
MM, 2515, 673, 2
MM, 2515, 676, 2
MM, 2515, 676, 2
MM, 2513, 678, 2
MM, 2513, 678, 2
MM, 2513, 679, 2
MM, 2513, 679, 2
MM, 2513, 681, 4
MM, 2513, 681, 4
MM, 2512, 682, 2
MM, 2512, 682, 2
MM, 2510, 683, 4
MM, 2510, 683, 4
MM, 2510, 685, 2
MM, 2510, 685, 2
MM, 2510, 686, 2
MM, 2510, 686, 2
MM, 2509, 688, 8
MM, 2509, 688, 8
MM, 2509, 689, 4
MM, 2509, 689, 4
MM, 2507, 691, 6
MM, 2507, 691, 6
MM, 2507, 692, 2
MM, 2507, 692, 2
MM, 2507, 693, 2
MM, 2507, 693, 2
MM, 2506, 695, 2
MM, 2506, 695, 2
MM, 2506, 696, 2
MM, 2506, 696, 2
MM, 2505, 698, 2
MM, 2505, 698, 2
MM, 2503, 699, 2
MM, 2503, 699, 2
MM, 2503, 700, 2
MM, 2503, 700, 2
MM, 2502, 702, 2
MM, 2502, 702, 2
MM, 2500, 705, 2
MM, 2500, 705, 2
MM, 2498, 708, 2
MM, 2498, 708, 2
MM, 2497, 712, 2
MM, 2497, 712, 2
MM, 2493, 715, 2
MM, 2493, 715, 2
MM, 2490, 717, 2
MM, 2490, 717, 2
MM, 2488, 721, 2
MM, 2488, 721, 2
MM, 2486, 724, 2
MM, 2486, 724, 2
MM, 2483, 727, 2
MM, 2483, 727, 2
MM, 2479, 729, 2
MM, 2479, 729, 2
MM, 2476, 733, 2
MM, 2476, 733, 2
MM, 2474, 736, 2
MM, 2474, 736, 2
MM, 2471, 740, 2
MM, 2471, 740, 2
MM, 2467, 741, 2
MM, 2467, 741, 2
MM, 2465, 745, 2
MM, 2465, 745, 2
MM, 2462, 748, 3
MM, 2462, 748, 3
MM, 2460, 752, 1
MM, 2460, 752, 1
MM, 2459, 753, 2
MM, 2459, 753, 2
MM, 2456, 756, 2
MM, 2456, 756, 2
MM, 2452, 758, 2
MM, 2452, 758, 2
MM, 2449, 762, 2
MM, 2449, 762, 2
MM, 2445, 765, 2
MM, 2445, 765, 2
MM, 2444, 767, 2
MM, 2444, 767, 2
MM, 2440, 770, 2
MM, 2440, 770, 2
MM, 2437, 773, 2
MM, 2437, 773, 2
MM, 2435, 777, 2
MM, 2435, 777, 2
MM, 2432, 779, 2
MM, 2432, 779, 2
MM, 2428, 782, 2
MM, 2428, 782, 2
MM, 2427, 784, 2
MM, 2427, 784, 2
MM, 2424, 787, 2
MM, 2424, 787, 2
MM, 2422, 790, 2
MM, 2422, 790, 2
MM, 2418, 792, 2
MM, 2418, 792, 2
MM, 2415, 795, 2
MM, 2415, 795, 2
MM, 2413, 797, 2
MM, 2413, 797, 2
MM, 2410, 798, 2
MM, 2410, 798, 2
MM, 2409, 802, 2
MM, 2409, 802, 2
MM, 2405, 805, 2
MM, 2405, 805, 2
MM, 2402, 807, 2
MM, 2402, 807, 2
MM, 2400, 811, 2
MM, 2400, 811, 2
MM, 2399, 812, 2
MM, 2399, 812, 2
MM, 2395, 815, 2
MM, 2395, 815, 2
MM, 2394, 817, 2
MM, 2394, 817, 2
MM, 2392, 818, 2
MM, 2392, 818, 2
MM, 2391, 821, 2
MM, 2391, 821, 2
MM, 2389, 825, 2
MM, 2389, 825, 2
MM, 2386, 826, 2
MM, 2386, 826, 2
MM, 2384, 828, 2
MM, 2384, 828, 3
MM, 2383, 831, 2
MM, 2383, 831, 1
MM, 2381, 832, 3
MM, 2380, 835, 4
MM, 2380, 835, 2
MM, 2378, 837, 2
MM, 2378, 837, 1
MM, 2377, 838, 2
MM, 2377, 838, 2
MM, 2375, 841, 2
MM, 2375, 841, 2
MM, 2374, 843, 2
MM, 2374, 843, 2
MM, 2373, 844, 4
MM, 2373, 844, 4
MM, 2371, 846, 2
MM, 2371, 846, 2
MM, 2371, 847, 4
MM, 2371, 847, 4
MM, 2371, 848, 2
MM, 2371, 848, 2
MM, 2371, 850, 4
MM, 2371, 850, 4
MM, 2371, 851, 12
MM, 2371, 851, 12
MM, 2372, 853, 46
MM, 2372, 853, 46
MM, 2373, 853, 6
MM, 2373, 853, 6
MM, 2374, 853, 12
MM, 2374, 853, 13
MP, 1, 208
MP, 1, 207
MR, 1, 76
MR, 1, 77
