********************************************************************************
LOGGING TIME: 20201020_161022
CLIENT IP: 192.168.1.5
USERNAME: Daiveek Sai P
OS: Windows 10
ARCHITECTURE: amd64
VERSION: 10.0
RESOLUTION: 1536.0 864.0
********************************************************************************
********************************************************************************
LOGGING TIME: 20201020_161022
CLIENT IP: 192.168.1.5
USERNAME: Daiveek Sai P
OS: Windows 10
ARCHITECTURE: amd64
VERSION: 10.0
RESOLUTION: 1536.0 864.0
********************************************************************************
MM, 1741, 1507, 1602022849336
MM, 1741, 1507, 1602022849344
MM, 1732, 1494, 14
MM, 1730, 1491, 2
MM, 1732, 1494, 8
MM, 1728, 1487, 1
MM, 1730, 1491, 1
MM, 1724, 1482, 1
MM, 1728, 1487, 2
MM, 1724, 1482, 1
MM, 1723, 1476, 2
MM, 1721, 1471, 3
MM, 1723, 1476, 2
MM, 1721, 1471, 2
MM, 1717, 1465, 2
MM, 1717, 1465, 1
MM, 1713, 1457, 2
MM, 1713, 1457, 2
MM, 1711, 1450, 2
MM, 1711, 1450, 3
MM, 1707, 1441, 2
MM, 1707, 1441, 1
MM, 1703, 1436, 2
MM, 1703, 1436, 1
MM, 1699, 1425, 2
MM, 1699, 1425, 1
MM, 1695, 1417, 2
MM, 1695, 1417, 2
MM, 1691, 1409, 2
MM, 1691, 1409, 2
MM, 1686, 1397, 2
MM, 1686, 1397, 2
MM, 1682, 1379, 6
MM, 1682, 1379, 4
MM, 1678, 1367, 2
MM, 1678, 1367, 2
MM, 1676, 1360, 1
MM, 1676, 1360, 2
MM, 1674, 1352, 1
MM, 1674, 1352, 2
MM, 1674, 1345, 2
MM, 1674, 1345, 2
MM, 1674, 1337, 2
MM, 1674, 1337, 2
MM, 1674, 1330, 2
MM, 1674, 1330, 2
MM, 1674, 1322, 3
MM, 1681, 1303, 5
MM, 1674, 1322, 2
MM, 1686, 1292, 1
MM, 1686, 1292, 6
MM, 1690, 1284, 1
MM, 1690, 1284, 2
MM, 1696, 1275, 2
MM, 1696, 1275, 2
MM, 1703, 1266, 2
MM, 1703, 1266, 2
MM, 1707, 1255, 2
MM, 1707, 1255, 2
MM, 1714, 1243, 2
MM, 1714, 1243, 3
MM, 1721, 1235, 2
MM, 1721, 1235, 2
MM, 1730, 1223, 2
MM, 1730, 1223, 2
MM, 1750, 1199, 4
MM, 1740, 1211, 2
MM, 1750, 1199, 2
MM, 1759, 1187, 2
MM, 1769, 1175, 1
MM, 1759, 1187, 2
MM, 1769, 1175, 2
MM, 1781, 1162, 2
MM, 1781, 1162, 2
MM, 1793, 1150, 3
MM, 1793, 1150, 2
MM, 1806, 1135, 2
MM, 1806, 1135, 2
MM, 1822, 1116, 2
MM, 1822, 1116, 2
MM, 1838, 1101, 2
MM, 1838, 1101, 2
MM, 1854, 1082, 2
MM, 1872, 1066, 2
MM, 1854, 1082, 2
MM, 1872, 1066, 2
MM, 1891, 1047, 2
MM, 1891, 1047, 2
MM, 1910, 1029, 2
MM, 1929, 1010, 2
MM, 1910, 1029, 2
MM, 1948, 988, 2
MM, 1929, 1010, 2
MM, 1967, 969, 2
MM, 1948, 988, 2
MM, 1982, 950, 2
MM, 1967, 969, 2
MM, 1998, 932, 2
MM, 1982, 950, 2
MM, 1998, 932, 2
MM, 2012, 914, 2
MM, 2012, 914, 2
MM, 2027, 898, 2
MM, 2027, 898, 2
MM, 2043, 882, 2
MM, 2043, 882, 2
MM, 2055, 867, 2
MM, 2055, 867, 2
MM, 2068, 855, 2
MM, 2068, 855, 2
MM, 2077, 843, 2
MM, 2086, 834, 2
MM, 2077, 843, 2
MM, 2095, 825, 2
MM, 2086, 834, 2
MM, 2102, 816, 2
MM, 2095, 825, 2
MM, 2111, 810, 2
MM, 2102, 816, 2
MM, 2125, 800, 4
MM, 2111, 810, 2
MM, 2130, 796, 2
MM, 2125, 800, 4
MM, 2138, 792, 2
MM, 2130, 796, 2
MM, 2142, 788, 2
MM, 2138, 792, 2
MM, 2142, 788, 2
MM, 2147, 785, 2
MM, 2147, 785, 2
MM, 2153, 781, 2
MM, 2153, 781, 2
MM, 2156, 779, 2
MM, 2158, 778, 2
MM, 2156, 779, 2
MM, 2159, 776, 2
MM, 2158, 778, 2
MM, 2162, 775, 2
MM, 2159, 776, 2
MM, 2164, 773, 2
MM, 2162, 775, 2
MM, 2165, 772, 2
MM, 2164, 773, 2
MM, 2167, 772, 2
MM, 2168, 770, 2
MM, 2165, 772, 2
MM, 2169, 770, 2
MM, 2167, 772, 2
MM, 2171, 769, 2
MM, 2168, 770, 2
MM, 2169, 770, 2
MM, 2172, 769, 6
MM, 2172, 768, 10
MM, 2171, 769, 2
MM, 2174, 766, 4
MM, 2172, 769, 6
MM, 2175, 766, 2
MM, 2172, 768, 10
MM, 2175, 765, 2
MM, 2174, 766, 4
MM, 2177, 765, 2
MM, 2175, 766, 2
MM, 2178, 765, 2
MM, 2175, 765, 2
MM, 2178, 763, 2
MM, 2177, 765, 2
MM, 2179, 762, 2
MM, 2178, 765, 2
MM, 2181, 761, 2
MM, 2178, 763, 2
MM, 2182, 759, 2
MM, 2179, 762, 2
MM, 2184, 758, 2
MM, 2181, 761, 2
MM, 2185, 756, 2
MM, 2182, 759, 2
MM, 2184, 758, 2
MM, 2185, 755, 2
MM, 2187, 753, 2
MM, 2185, 756, 2
MM, 2185, 755, 2
MM, 2188, 752, 2
MM, 2189, 752, 2
MM, 2187, 753, 2
MM, 2188, 752, 2
MM, 2191, 752, 6
MM, 2189, 752, 2
MM, 2192, 751, 2
MM, 2194, 749, 2
MM, 2191, 752, 6
MM, 2195, 748, 6
MM, 2192, 751, 2
MM, 2196, 748, 3
MM, 2194, 749, 2
MM, 2198, 748, 1
MM, 2195, 748, 6
MM, 2199, 746, 2
MM, 2196, 748, 2
MM, 2198, 748, 2
MM, 2201, 746, 2
MM, 2199, 746, 2
MM, 2202, 746, 2
MM, 2201, 746, 2
MM, 2204, 745, 2
MM, 2202, 746, 2
MM, 2207, 743, 3
MM, 2210, 743, 1
MM, 2204, 745, 2
MM, 2207, 743, 2
MM, 2215, 741, 2
MM, 2210, 743, 2
MM, 2221, 740, 2
MM, 2226, 740, 2
MM, 2215, 741, 2
MM, 2234, 738, 2
MM, 2221, 740, 2
MM, 2244, 738, 2
MM, 2226, 740, 2
MM, 2255, 738, 2
MM, 2234, 738, 2
MM, 2244, 738, 2
MM, 2262, 736, 2
MM, 2273, 734, 2
MM, 2255, 738, 2
MM, 2284, 731, 2
MM, 2262, 736, 2
MM, 2298, 729, 2
MM, 2273, 734, 2
MM, 2315, 727, 2
MM, 2332, 727, 2
MM, 2284, 731, 2
MM, 2349, 724, 2
MM, 2366, 722, 2
MM, 2298, 729, 2
MM, 2403, 722, 5
MM, 2424, 719, 1
MM, 2315, 727, 2
MM, 2332, 727, 2
MM, 2444, 717, 2
MM, 2349, 724, 2
MM, 2465, 714, 2
MM, 2485, 712, 2
MM, 2366, 722, 2
MM, 2505, 709, 2
MM, 2403, 722, 4
MM, 2526, 706, 2
MM, 2424, 719, 2
MM, 2546, 704, 2
MM, 2444, 717, 2
MM, 2567, 701, 2
MM, 2465, 714, 2
MM, 2587, 699, 2
MM, 2485, 712, 2
MM, 2604, 696, 2
MM, 2505, 709, 2
MM, 2526, 706, 2
MM, 2625, 694, 2
MM, 2642, 691, 2
MM, 2546, 704, 2
MM, 2567, 701, 2
MM, 2659, 691, 2
MM, 2675, 691, 2
MM, 2587, 699, 2
MM, 2689, 691, 2
MM, 2604, 696, 2
MM, 2703, 691, 2
MM, 2625, 694, 2
MM, 2642, 691, 2
MM, 2713, 691, 2
MM, 2720, 691, 2
MM, 2659, 691, 2
MM, 2675, 691, 2
MM, 2728, 692, 2
MM, 2734, 694, 2
MM, 2689, 691, 2
MM, 2703, 691, 2
MM, 2737, 696, 3
MM, 2740, 697, 1
MM, 2713, 691, 2
MM, 2744, 699, 4
MM, 2720, 691, 2
MM, 2745, 699, 17
MM, 2728, 692, 2
MM, 2747, 701, 3
MM, 2734, 694, 2
MM, 2737, 696, 2
MM, 2747, 702, 7
MM, 2740, 697, 2
MM, 2747, 703, 2
MM, 2744, 699, 4
MM, 2747, 705, 2
MM, 2747, 706, 2
MM, 2745, 699, 16
MM, 2747, 709, 2
MM, 2747, 701, 4
MM, 2747, 702, 6
MM, 2747, 711, 2
MM, 2747, 712, 2
MM, 2747, 703, 3
MM, 2747, 705, 2
MM, 2747, 715, 2
MM, 2747, 718, 2
MM, 2747, 706, 1
MM, 2747, 720, 3
MM, 2747, 709, 2
MM, 2747, 723, 2
MM, 2747, 711, 2
MM, 2747, 726, 1
MM, 2747, 712, 3
MM, 2747, 715, 1
MM, 2747, 729, 2
MM, 2747, 718, 2
MM, 2746, 733, 2
MM, 2744, 736, 2
MM, 2747, 720, 3
MM, 2747, 723, 2
MM, 2744, 739, 2
MM, 2747, 726, 2
MM, 2744, 741, 2
MM, 2744, 747, 4
MM, 2747, 729, 1
MM, 2746, 733, 2
MM, 2742, 750, 2
MM, 2744, 736, 2
MM, 2742, 754, 2
MM, 2742, 757, 2
MM, 2744, 739, 2
MM, 2744, 741, 3
MM, 2742, 760, 2
MM, 2744, 747, 4
MM, 2742, 763, 2
MM, 2741, 767, 2
MM, 2742, 750, 2
MM, 2742, 754, 2
MM, 2741, 770, 2
MM, 2742, 757, 1
MM, 2741, 773, 2
MM, 2741, 778, 2
MM, 2742, 760, 2
MM, 2741, 784, 1
MM, 2742, 763, 2
MM, 2741, 767, 2
MM, 2741, 787, 2
MM, 2741, 770, 2
MM, 2739, 792, 2
MM, 2741, 773, 2
MM, 2739, 798, 2
MM, 2741, 778, 1
MM, 2739, 803, 2
MM, 2739, 808, 2
MM, 2741, 784, 3
MM, 2741, 787, 2
MM, 2737, 814, 2
MM, 2739, 792, 1
MM, 2735, 819, 2
MM, 2733, 825, 2
MM, 2739, 798, 2
MM, 2732, 830, 2
MM, 2739, 803, 2
MM, 2732, 838, 2
MM, 2739, 808, 3
MM, 2737, 814, 2
MM, 2730, 843, 2
MM, 2730, 846, 2
MM, 2735, 819, 1
MM, 2728, 852, 2
MM, 2733, 825, 3
MM, 2726, 857, 2
MM, 2732, 830, 1
MM, 2724, 863, 2
MM, 2732, 838, 2
MM, 2722, 868, 2
MM, 2730, 843, 2
MM, 2730, 846, 2
MM, 2721, 874, 2
MM, 2728, 852, 2
MM, 2719, 879, 2
MM, 2717, 883, 2
MM, 2726, 857, 3
MM, 2724, 863, 1
MM, 2715, 886, 2
MM, 2714, 890, 2
MM, 2722, 868, 2
MM, 2712, 893, 2
MM, 2721, 874, 2
MM, 2710, 899, 2
MM, 2719, 879, 2
MM, 2717, 883, 2
MM, 2708, 902, 2
MM, 2707, 908, 2
MM, 2715, 886, 2
MM, 2705, 911, 2
MM, 2714, 890, 3
MM, 2712, 893, 2
MM, 2701, 914, 2
MM, 2710, 899, 1
MM, 2700, 918, 2
MM, 2696, 921, 2
MM, 2708, 902, 3
MM, 2695, 923, 2
MM, 2707, 908, 1
MM, 2693, 926, 2
MM, 2705, 911, 3
MM, 2690, 928, 2
MM, 2701, 914, 1
MM, 2700, 918, 2
MM, 2686, 929, 2
MM, 2696, 921, 3
MM, 2685, 931, 2
MM, 2680, 935, 5
MM, 2695, 923, 2
MM, 2693, 926, 2
MM, 2679, 937, 2
MM, 2676, 938, 2
MM, 2690, 928, 2
MM, 2672, 942, 2
MM, 2686, 929, 2
MM, 2671, 943, 1
MM, 2685, 931, 2
MM, 2668, 945, 2
MM, 2682, 934, 3
MM, 2666, 946, 2
MM, 2679, 937, 4
MM, 2665, 946, 2
MM, 2676, 938, 2
MM, 2663, 948, 2
MM, 2672, 942, 1
MM, 2671, 943, 2
MM, 2662, 948, 2
MM, 2659, 948, 2
MM, 2668, 945, 2
MM, 2657, 948, 2
MM, 2666, 946, 2
MM, 2665, 946, 2
MM, 2656, 948, 2
MM, 2663, 948, 2
MM, 2655, 949, 2
MM, 2653, 949, 2
MM, 2662, 948, 2
MM, 2650, 949, 2
MM, 2659, 948, 2
MM, 2657, 948, 2
MM, 2649, 951, 2
MM, 2656, 948, 2
MM, 2647, 951, 2
MM, 2646, 951, 2
MM, 2655, 949, 2
MM, 2644, 951, 3
MM, 2653, 949, 2
MM, 2643, 951, 1
MM, 2650, 949, 2
MM, 2649, 951, 2
MM, 2640, 952, 2
MM, 2647, 951, 2
MM, 2638, 952, 6
MM, 2646, 951, 2
MM, 2635, 952, 2
MM, 2632, 952, 6
MM, 2644, 951, 2
MM, 2643, 951, 2
MM, 2631, 952, 4
MM, 2640, 952, 2
MM, 2628, 952, 2
MM, 2638, 952, 6
MM, 2626, 952, 2
MM, 2635, 952, 2
MM, 2625, 952, 4
MM, 2632, 952, 6
MM, 2622, 952, 3
MM, 2631, 952, 4
MM, 2620, 952, 1
MM, 2628, 952, 2
MM, 2617, 952, 2
MM, 2626, 952, 2
MM, 2616, 952, 2
MM, 2625, 952, 4
MM, 2615, 952, 2
MM, 2622, 952, 2
MM, 2613, 952, 2
MM, 2620, 952, 2
MM, 2610, 952, 2
MM, 2617, 952, 2
MM, 2609, 952, 2
MM, 2616, 952, 2
MM, 2606, 950, 2
MM, 2615, 952, 2
MM, 2602, 950, 2
MM, 2613, 952, 2
MM, 2599, 949, 2
MM, 2610, 952, 2
MM, 2596, 949, 2
MM, 2609, 952, 2
MM, 2591, 949, 5
MM, 2606, 950, 2
MM, 2588, 949, 2
MM, 2585, 949, 2
MM, 2602, 950, 2
MM, 2599, 949, 2
MM, 2580, 949, 1
MM, 2574, 949, 2
MM, 2596, 949, 2
MM, 2569, 949, 2
MM, 2591, 949, 5
MM, 2566, 949, 2
MM, 2588, 949, 2
MM, 2563, 949, 2
MM, 2557, 949, 2
MM, 2585, 949, 1
MM, 2552, 949, 2
MM, 2580, 949, 2
MM, 2574, 949, 2
MM, 2546, 949, 3
MM, 2569, 949, 2
MM, 2541, 951, 1
MM, 2536, 951, 2
MM, 2566, 949, 2
MM, 2530, 951, 2
MM, 2563, 949, 2
MM, 2557, 949, 2
MM, 2525, 951, 3
MM, 2517, 953, 1
MM, 2552, 949, 2
MM, 2546, 949, 2
MM, 2512, 953, 2
MM, 2541, 951, 2
MM, 2507, 953, 2
MM, 2536, 951, 2
MM, 2499, 953, 2
MM, 2530, 951, 2
MM, 2494, 953, 2
MM, 2525, 951, 2
MM, 2486, 953, 2
MM, 2481, 953, 3
MM, 2517, 953, 2
MM, 2512, 953, 2
MM, 2476, 953, 2
MM, 2470, 953, 2
MM, 2507, 953, 2
MM, 2499, 953, 2
MM, 2465, 953, 2
MM, 2460, 953, 1
MM, 2494, 953, 2
MM, 2486, 953, 2
MM, 2456, 953, 2
MM, 2481, 953, 2
MM, 2453, 953, 3
MM, 2448, 953, 1
MM, 2476, 953, 2
MM, 2445, 953, 2
MM, 2470, 953, 2
MM, 2465, 953, 2
MM, 2440, 953, 5
MM, 2439, 953, 2
MM, 2460, 953, 2
MM, 2456, 953, 2
MM, 2436, 953, 1
MM, 2453, 953, 2
MM, 2430, 952, 2
MM, 2427, 951, 2
MM, 2448, 953, 2
MM, 2445, 953, 2
MM, 2423, 949, 2
MM, 2420, 949, 3
MM, 2440, 953, 5
MM, 2439, 953, 1
MM, 2417, 947, 2
MM, 2413, 947, 1
MM, 2436, 953, 2
MM, 2430, 952, 2
MM, 2410, 947, 3
MM, 2427, 951, 2
MM, 2409, 946, 1
MM, 2423, 949, 2
MM, 2407, 946, 2
MM, 2404, 944, 2
MM, 2420, 949, 2
MM, 2401, 944, 2
MM, 2417, 947, 2
MM, 2413, 947, 2
MM, 2400, 943, 2
MM, 2410, 947, 3
MM, 2398, 943, 3
MM, 2409, 946, 2
MM, 2395, 941, 1
MM, 2407, 946, 1
MM, 2392, 941, 2
MM, 2404, 944, 3
MM, 2390, 941, 4
MM, 2401, 944, 1
MM, 2387, 940, 2
MM, 2400, 943, 3
MM, 2386, 940, 2
MM, 2384, 940, 2
MM, 2398, 943, 2
MM, 2383, 940, 2
MM, 2395, 941, 1
MM, 2392, 941, 2
MM, 2382, 940, 2
MM, 2390, 941, 4
MM, 2379, 940, 4
MM, 2387, 940, 2
MM, 2377, 940, 2
MM, 2386, 940, 2
MM, 2376, 940, 4
MM, 2373, 940, 2
MM, 2384, 940, 2
MM, 2383, 940, 3
MM, 2371, 940, 2
MM, 2370, 940, 2
MM, 2382, 940, 1
MM, 2379, 940, 4
MM, 2367, 940, 2
MM, 2377, 940, 2
MM, 2365, 940, 2
MM, 2362, 940, 2
MM, 2376, 940, 4
MM, 2359, 938, 4
MM, 2373, 940, 3
MM, 2371, 940, 1
MM, 2358, 937, 2
MM, 2356, 937, 2
MM, 2370, 940, 2
MM, 2367, 940, 2
MM, 2353, 937, 2
MM, 2350, 937, 2
MM, 2365, 940, 2
MM, 2349, 937, 4
MM, 2362, 940, 2
MM, 2345, 935, 2
MM, 2359, 938, 4
MM, 2344, 934, 2
MM, 2358, 937, 3
MM, 2341, 934, 7
MM, 2356, 937, 2
MM, 2340, 932, 2
MM, 2353, 937, 2
MM, 2338, 932, 4
MM, 2350, 937, 2
MM, 2349, 937, 4
MM, 2338, 931, 12
MM, 2345, 935, 2
MM, 2337, 931, 8
MM, 2344, 934, 1
MM, 2337, 929, 33
MM, 2337, 928, 20
MM, 2341, 934, 6
MM, 2340, 932, 2
MM, 2337, 926, 12
MM, 2337, 926, 4
MM, 2338, 932, 4
MM, 2338, 931, 12
MM, 2339, 925, 4
MM, 2337, 931, 8
MM, 2340, 924, 2
MM, 2337, 929, 33
MM, 2342, 922, 2
MM, 2337, 928, 21
MM, 2342, 921, 6
MM, 2342, 919, 2
MM, 2337, 926, 12
MM, 2342, 916, 4
MM, 2337, 926, 3
MM, 2339, 925, 4
MM, 2343, 915, 2
MM, 2343, 913, 2
MM, 2340, 924, 2
MM, 2344, 912, 2
MM, 2342, 922, 3
MM, 2346, 911, 2
MM, 2342, 921, 6
MM, 2342, 919, 2
MM, 2346, 909, 4
MM, 2346, 908, 2
MM, 2342, 916, 4
MM, 2343, 915, 2
MM, 2347, 906, 4
MM, 2343, 913, 2
MM, 2347, 905, 2
MM, 2347, 903, 4
MM, 2344, 912, 2
MM, 2347, 902, 2
MM, 2346, 911, 2
MM, 2346, 909, 4
MM, 2347, 901, 4
MM, 2346, 908, 2
MM, 2347, 899, 2
MM, 2349, 898, 2
MM, 2347, 906, 4
MM, 2350, 896, 4
MM, 2347, 905, 2
MM, 2347, 903, 4
MM, 2350, 895, 4
MM, 2347, 902, 2
MM, 2350, 894, 2
MM, 2350, 892, 4
MM, 2347, 901, 4
MM, 2350, 891, 10
MM, 2347, 899, 2
MM, 2350, 889, 158
MM, 2349, 898, 2
MM, 2350, 888, 6
MM, 2350, 896, 4
MM, 2350, 886, 3
MM, 2350, 895, 4
MM, 2350, 894, 2
MM, 2350, 885, 3
MM, 2350, 892, 4
MM, 2351, 885, 6
MM, 2351, 884, 4
MM, 2350, 891, 10
MM, 2351, 882, 4
MM, 2350, 889, 158
MM, 2351, 881, 10
MM, 2350, 888, 6
MM, 2350, 886, 3
MM, 2350, 885, 3
MM, 2351, 885, 6
MM, 2351, 884, 4
MM, 2351, 882, 4
MM, 2351, 881, 10
MP, 1, 152
MP, 1, 152
MR, 1, 58
MR, 1, 59
MC, 1, 0
MC, 1, 0
