********************************************************************************
LOGGING TIME: 20201009_013828
CLIENT IP: 192.168.1.7
USERNAME: Daiveek Sai P
OS: Windows 10
ARCHITECTURE: amd64
VERSION: 10.0
RESOLUTION: 1536.0 864.0
********************************************************************************
MM, 891, 2159, 1602022801560
MM, 891, 2157, 4
MM, 891, 2156, 7
MM, 892, 2154, 6
MM, 892, 2153, 2
MM, 892, 2152, 35
MM, 892, 2152, 24
MM, 894, 2150, 2
MM, 895, 2148, 2
MM, 897, 2147, 4
MM, 898, 2147, 2
MM, 900, 2146, 4
MM, 901, 2144, 1
MM, 903, 2143, 2
MM, 904, 2141, 2
MM, 907, 2140, 4
MM, 910, 2138, 2
MM, 911, 2137, 4
MM, 914, 2135, 2
MM, 916, 2134, 2
MM, 917, 2133, 2
MM, 919, 2131, 2
MM, 920, 2130, 2
MM, 922, 2130, 2
MM, 925, 2128, 2
MM, 926, 2127, 2
MM, 928, 2125, 2
MM, 929, 2124, 2
MM, 932, 2122, 2
MM, 936, 2121, 4
MM, 939, 2119, 2
MM, 940, 2119, 2
MM, 943, 2117, 2
MM, 947, 2116, 2
MM, 950, 2114, 2
MM, 954, 2112, 2
MM, 957, 2112, 2
MM, 960, 2110, 3
MM, 966, 2109, 1
MM, 969, 2107, 2
MM, 972, 2107, 2
MM, 978, 2105, 2
MM, 981, 2105, 2
MM, 985, 2103, 2
MM, 988, 2103, 2
MM, 991, 2103, 2
MM, 996, 2103, 2
MM, 1000, 2102, 2
MM, 1003, 2102, 2
MM, 1006, 2102, 2
MM, 1009, 2102, 3
MM, 1013, 2100, 2
MM, 1016, 2100, 1
MM, 1019, 2100, 2
MM, 1022, 2100, 2
MM, 1024, 2100, 2
MM, 1027, 2100, 3
MM, 1028, 2100, 1
MM, 1031, 2100, 2
MM, 1034, 2100, 2
MM, 1036, 2100, 3
MM, 1039, 2100, 1
MM, 1040, 2100, 3
MM, 1042, 2100, 1
MM, 1045, 2100, 2
MM, 1046, 2100, 4
MM, 1048, 2102, 2
MM, 1049, 2102, 2
MM, 1050, 2102, 6
MM, 1052, 2102, 2
MM, 1053, 2102, 8
MM, 1055, 2103, 98
MM, 1056, 2103, 12
MM, 1058, 2103, 8
MM, 1058, 2105, 32
MM, 1059, 2105, 4
MM, 1059, 2106, 4
MM, 1059, 2107, 2
MM, 1060, 2109, 2
MM, 1062, 2109, 4
MM, 1065, 2112, 4
MM, 1066, 2113, 5
MM, 1067, 2115, 2
MM, 1067, 2116, 2
MM, 1069, 2117, 2
MM, 1070, 2119, 2
MM, 1070, 2120, 2
MM, 1072, 2122, 2
MM, 1073, 2123, 2
MM, 1075, 2125, 2
MM, 1076, 2128, 2
MM, 1078, 2129, 4
MM, 1079, 2131, 2
MM, 1081, 2134, 4
MM, 1082, 2135, 1
MM, 1083, 2137, 2
MM, 1085, 2138, 4
MM, 1085, 2139, 6
MM, 1085, 2141, 8
MM, 1085, 2142, 4
MM, 1085, 2144, 8
MM, 1085, 2145, 4
MM, 1086, 2145, 6
MM, 1086, 2146, 4
MM, 1086, 2148, 5
MM, 1086, 2149, 8
MP, 1, 436
MR, 1, 101
MC, 1, 0
MM, 1086, 2147, 745
MM, 1086, 2146, 2
MM, 1086, 2145, 2
MM, 1086, 2143, 2
MM, 1086, 2142, 1
MM, 1088, 2140, 2
MM, 1088, 2137, 2
MM, 1088, 2134, 5
MM, 1089, 2133, 2
MM, 1089, 2131, 2
MM, 1089, 2128, 2
MM, 1091, 2127, 2
MM, 1091, 2125, 1
MM, 1092, 2122, 2
MM, 1092, 2119, 3
MM, 1092, 2116, 2
MM, 1094, 2114, 2
MM, 1094, 2111, 2
MM, 1095, 2108, 2
MM, 1097, 2105, 2
MM, 1097, 2103, 2
MM, 1097, 2100, 2
MM, 1099, 2097, 2
MM, 1099, 2095, 2
MM, 1099, 2092, 2
MM, 1100, 2091, 2
MM, 1100, 2088, 2
MM, 1102, 2084, 2
MM, 1102, 2083, 2
MM, 1102, 2080, 2
MM, 1102, 2079, 2
MM, 1103, 2077, 2
MM, 1103, 2076, 2
MM, 1103, 2074, 1
MM, 1105, 2073, 2
MM, 1105, 2071, 4
MM, 1105, 2070, 2
MM, 1105, 2069, 2
MM, 1105, 2067, 2
MM, 1106, 2066, 8
MM, 1106, 2064, 2
MM, 1106, 2063, 6
MM, 1106, 2062, 8
MM, 1106, 2060, 4
MM, 1107, 2059, 2
MM, 1107, 2057, 4
MM, 1109, 2057, 2
MM, 1110, 2056, 5
MM, 1112, 2054, 4
MM, 1113, 2053, 3
MM, 1115, 2052, 2
MM, 1116, 2050, 2
MM, 1116, 2049, 2
MM, 1117, 2049, 2
MM, 1119, 2047, 2
MM, 1120, 2046, 2
MM, 1122, 2044, 2
MM, 1123, 2044, 2
MM, 1125, 2044, 4
MM, 1128, 2043, 2
MM, 1131, 2043, 2
MM, 1132, 2043, 2
MM, 1134, 2041, 2
MM, 1135, 2041, 2
MM, 1137, 2041, 3
MM, 1140, 2040, 1
MM, 1143, 2040, 2
MM, 1144, 2040, 3
MM, 1147, 2040, 1
MM, 1151, 2040, 2
MM, 1154, 2040, 3
MM, 1157, 2040, 1
MM, 1160, 2040, 3
MM, 1163, 2040, 1
MM, 1167, 2040, 2
MM, 1170, 2040, 2
MM, 1175, 2040, 2
MM, 1180, 2040, 2
MM, 1184, 2040, 3
MM, 1189, 2040, 1
MM, 1194, 2040, 3
MM, 1202, 2040, 2
MM, 1207, 2040, 1
MM, 1212, 2040, 2
MM, 1220, 2040, 2
MM, 1227, 2040, 2
MM, 1235, 2040, 2
MM, 1242, 2040, 2
MM, 1250, 2040, 2
MM, 1260, 2040, 2
MM, 1267, 2040, 2
MM, 1277, 2040, 2
MM, 1288, 2040, 2
MM, 1298, 2040, 2
MM, 1308, 2040, 2
MM, 1318, 2040, 2
MM, 1329, 2040, 2
MM, 1339, 2040, 2
MM, 1353, 2040, 2
MM, 1363, 2040, 2
MM, 1377, 2040, 2
MM, 1390, 2040, 2
MM, 1404, 2040, 3
MM, 1417, 2040, 2
MM, 1431, 2040, 2
MM, 1444, 2040, 2
MM, 1458, 2040, 2
MM, 1475, 2040, 2
MM, 1488, 2040, 2
MM, 1505, 2040, 1
MM, 1522, 2040, 2
MM, 1539, 2040, 2
MM, 1552, 2040, 2
MM, 1569, 2037, 2
MM, 1586, 2037, 2
MM, 1604, 2035, 2
MM, 1620, 2035, 2
MM, 1638, 2033, 2
MM, 1654, 2033, 2
MM, 1672, 2030, 2
MM, 1692, 2030, 2
MM, 1709, 2028, 2
MM, 1726, 2025, 2
MM, 1746, 2023, 2
MM, 1763, 2023, 2
MM, 1784, 2020, 2
MM, 1804, 2017, 2
MM, 1821, 2015, 2
MM, 1839, 2013, 2
MM, 1859, 2010, 2
MM, 1876, 2008, 2
MM, 1897, 2005, 2
MM, 1917, 2002, 2
MM, 1934, 2000, 2
MM, 1951, 1998, 2
MM, 1969, 1995, 2
MM, 1989, 1990, 2
MM, 2006, 1987, 2
MM, 2024, 1985, 2
MM, 2048, 1980, 2
MM, 2065, 1977, 2
MM, 2082, 1972, 2
MM, 2103, 1970, 2
MM, 2120, 1965, 2
MM, 2141, 1959, 2
MM, 2159, 1954, 2
MM, 2179, 1949, 2
MM, 2200, 1944, 2
MM, 2220, 1942, 3
MM, 2238, 1937, 1
MM, 2259, 1931, 2
MM, 2277, 1924, 2
MM, 2298, 1916, 2
MM, 2315, 1911, 2
MM, 2333, 1903, 2
MM, 2354, 1898, 2
MM, 2375, 1890, 2
MM, 2393, 1882, 2
MM, 2414, 1875, 3
MM, 2431, 1867, 2
MM, 2449, 1859, 2
MM, 2467, 1852, 2
MM, 2485, 1844, 2
MM, 2503, 1836, 1
MM, 2518, 1829, 2
MM, 2532, 1824, 2
MM, 2546, 1819, 2
MM, 2558, 1812, 2
MM, 2573, 1807, 2
MM, 2584, 1803, 2
MM, 2595, 1798, 2
MM, 2606, 1794, 2
MM, 2617, 1792, 2
MM, 2626, 1788, 3
MM, 2633, 1786, 2
MM, 2645, 1781, 2
MM, 2652, 1779, 2
MM, 2664, 1775, 2
MM, 2671, 1773, 2
MM, 2680, 1769, 1
MM, 2687, 1767, 2
MM, 2696, 1763, 2
MM, 2706, 1760, 2
MM, 2714, 1759, 3
MM, 2725, 1756, 2
MM, 2736, 1752, 2
MM, 2744, 1750, 2
MM, 2752, 1748, 2
MM, 2759, 1746, 1
MM, 2770, 1744, 2
MM, 2778, 1742, 2
MM, 2786, 1738, 2
MM, 2794, 1736, 2
MM, 2799, 1734, 3
MM, 2807, 1732, 2
MM, 2815, 1730, 2
MM, 2823, 1728, 2
MM, 2828, 1726, 2
MM, 2834, 1725, 2
MM, 2837, 1725, 2
MM, 2842, 1723, 2
MM, 2845, 1723, 2
MM, 2849, 1723, 2
MM, 2852, 1723, 2
MM, 2853, 1723, 3
MM, 2855, 1723, 2
MM, 2854, 1723, 869
MM, 2854, 1721, 10156
MM, 2854, 1720, 2
MM, 2857, 1717, 2
MM, 2858, 1711, 2
MM, 2860, 1706, 2
MM, 2862, 1698, 2
MM, 2864, 1690, 2
MM, 2866, 1680, 2
MM, 2868, 1669, 2
MM, 2871, 1651, 2
MM, 2873, 1634, 2
MM, 2876, 1620, 2
MM, 2878, 1603, 2
MM, 2878, 1583, 2
MM, 2878, 1563, 2
MM, 2878, 1543, 2
MM, 2878, 1526, 2
MM, 2878, 1506, 2
MM, 2878, 1489, 2
MM, 2878, 1469, 2
MM, 2878, 1449, 2
MM, 2878, 1432, 2
MM, 2878, 1412, 2
MM, 2877, 1392, 2
MM, 2874, 1375, 2
MM, 2872, 1357, 2
MM, 2872, 1340, 2
MM, 2869, 1323, 2
MM, 2869, 1306, 2
MM, 2867, 1292, 1
MM, 2864, 1278, 2
MM, 2864, 1265, 2
MM, 2862, 1251, 2
MM, 2862, 1241, 2
MM, 2860, 1230, 2
MM, 2858, 1219, 2
MM, 2858, 1211, 2
MM, 2856, 1201, 2
MM, 2856, 1194, 2
MM, 2854, 1188, 2
MM, 2854, 1181, 2
MM, 2852, 1175, 2
MM, 2850, 1172, 2
MM, 2850, 1166, 2
MM, 2850, 1163, 2
MM, 2850, 1160, 2
MM, 2850, 1157, 2
MM, 2850, 1155, 2
MM, 2850, 1154, 2
MM, 2850, 1151, 2
MM, 2850, 1149, 8
MM, 2849, 1148, 4
MM, 2848, 1148, 2
MM, 2848, 1147, 2
MM, 2846, 1147, 2
MM, 2846, 1145, 2
MM, 2845, 1144, 2
MM, 2845, 1144, 88
MM, 2847, 1144, 2
MM, 2848, 1144, 2
MM, 2849, 1144, 12
MM, 2851, 1142, 44
MM, 2850, 1141, 6
MM, 2849, 1140, 2
MM, 2846, 1140, 4
MM, 2843, 1138, 2
MM, 2841, 1138, 2
MM, 2838, 1136, 2
MM, 2837, 1135, 2
MM, 2833, 1133, 2
MM, 2830, 1132, 2
MM, 2824, 1130, 2
MM, 2819, 1128, 2
MM, 2816, 1126, 2
MM, 2812, 1126, 2
MM, 2809, 1124, 2
MM, 2806, 1124, 2
MM, 2803, 1124, 2
MM, 2797, 1124, 2
MM, 2792, 1124, 2
MM, 2786, 1125, 3
MM, 2783, 1127, 1
MM, 2777, 1129, 2
MM, 2772, 1131, 2
MM, 2766, 1133, 2
MM, 2761, 1134, 2
MM, 2756, 1136, 2
MM, 2748, 1136, 2
MM, 2743, 1138, 2
MM, 2737, 1140, 2
MM, 2730, 1140, 2
MM, 2722, 1142, 2
MM, 2714, 1142, 2
MM, 2707, 1142, 3
MM, 2699, 1142, 1
MM, 2694, 1142, 3
MM, 2687, 1142, 1
MM, 2681, 1142, 2
MM, 2674, 1142, 2
MM, 2668, 1142, 2
MM, 2663, 1142, 2
MM, 2658, 1139, 3
MM, 2654, 1137, 2
MM, 2649, 1135, 2
MM, 2645, 1132, 1
MM, 2642, 1128, 2
MM, 2638, 1125, 2
MM, 2637, 1123, 2
MM, 2633, 1122, 3
MM, 2630, 1118, 2
MM, 2626, 1117, 2
MM, 2625, 1113, 2
MM, 2621, 1110, 2
MM, 2618, 1106, 2
MM, 2614, 1100, 2
MM, 2610, 1095, 2
MM, 2607, 1091, 2
MM, 2603, 1086, 2
MM, 2599, 1080, 2
MM, 2593, 1074, 2
MM, 2587, 1066, 2
MM, 2583, 1060, 2
MM, 2577, 1052, 2
MM, 2573, 1044, 2
MM, 2567, 1038, 2
MM, 2562, 1026, 2
MM, 2557, 1021, 2
MM, 2550, 1012, 2
MM, 2544, 1003, 2
MM, 2540, 998, 2
MM, 2536, 992, 2
MM, 2532, 984, 2
MM, 2528, 978, 2
MM, 2525, 973, 2
MM, 2519, 967, 2
MM, 2515, 959, 2
MM, 2508, 950, 2
MM, 2502, 941, 2
MM, 2496, 936, 2
MM, 2490, 927, 2
MM, 2484, 921, 1
MM, 2477, 913, 2
MM, 2471, 907, 2
MM, 2466, 901, 2
MM, 2459, 892, 2
MM, 2447, 878, 4
MM, 2441, 872, 2
MM, 2435, 866, 2
MM, 2431, 858, 2
MM, 2425, 849, 2
MM, 2421, 846, 2
MM, 2415, 840, 2
MM, 2412, 836, 2
MM, 2408, 831, 2
MM, 2404, 827, 2
MM, 2401, 824, 2
MM, 2397, 818, 2
MM, 2394, 815, 2
MM, 2392, 813, 2
MM, 2391, 810, 2
MM, 2359, 740, 1055
MM, 2279, 640, 2
MM, 2265, 616, 1
MM, 2251, 581, 1
MM, 2241, 564, 2
MM, 2231, 547, 1
MM, 2214, 525, 0
MM, 2208, 510, 1
MM, 2207, 509, 2
MM, 2207, 507, 2
MM, 2207, 506, 2
MM, 2207, 504, 2
MM, 2205, 501, 2
MM, 2205, 500, 2
MM, 2205, 498, 2
MM, 2204, 497, 2
MM, 2203, 496, 3
MM, 2203, 494, 4
MM, 2203, 493, 8
MM, 2203, 493, 175
MM, 2203, 495, 8
MM, 2203, 496, 2
MM, 2203, 497, 2
MM, 2203, 499, 2
MM, 2203, 500, 2
MM, 2203, 502, 2
MM, 2205, 505, 2
MM, 2206, 508, 2
MM, 2206, 512, 4
MM, 2208, 517, 2
MM, 2208, 520, 2
MM, 2208, 523, 2
MM, 2208, 527, 2
MM, 2210, 530, 2
MM, 2210, 531, 2
MM, 2210, 534, 2
MM, 2212, 538, 2
MM, 2212, 541, 2
MM, 2212, 544, 2
MM, 2212, 546, 2
MM, 2213, 547, 2
MM, 2213, 549, 2
MM, 2215, 552, 2
MM, 2215, 555, 2
MM, 2216, 558, 4
MM, 2216, 560, 2
MM, 2218, 561, 2
MM, 2218, 563, 1
MM, 2218, 564, 2
MM, 2218, 565, 3
MM, 2219, 567, 6
MM, 2221, 568, 1
MM, 2221, 570, 3
MM, 2221, 571, 4
MM, 2222, 573, 6
MM, 2222, 574, 6
MM, 2223, 574, 4
MM, 2225, 575, 3
MM, 2226, 577, 2
MM, 2226, 578, 4
MM, 2228, 580, 2
MM, 2229, 581, 2
MM, 2229, 582, 2
MM, 2229, 584, 2
MM, 2230, 585, 3
MM, 2232, 588, 1
MM, 2232, 590, 2
MM, 2233, 591, 2
MM, 2235, 594, 2
MM, 2237, 598, 2
MM, 2238, 601, 2
MM, 2240, 603, 2
MM, 2241, 606, 2
MM, 2243, 609, 2
MM, 2245, 613, 2
MM, 2247, 616, 3
MM, 2250, 620, 2
MM, 2252, 623, 2
MM, 2254, 626, 1
MM, 2255, 630, 3
MM, 2259, 633, 2
MM, 2261, 637, 3
MM, 2262, 638, 1
MM, 2263, 641, 2
MM, 2265, 643, 2
MM, 2266, 644, 2
MM, 2268, 647, 3
MM, 2268, 649, 2
MM, 2269, 650, 1
MM, 2271, 652, 3
MM, 2272, 655, 2
MM, 2272, 658, 3
MM, 2274, 659, 2
MM, 2275, 661, 2
MM, 2275, 664, 4
MM, 2275, 665, 2
MM, 2277, 667, 2
MM, 2278, 668, 6
MM, 2278, 669, 4
MM, 2279, 669, 28
MM, 2281, 669, 49
MM, 2282, 671, 10
MM, 2284, 671, 2
MM, 2285, 672, 4
MM, 2287, 672, 2
MM, 2288, 672, 2
MM, 2288, 674, 2
MM, 2289, 675, 2
MM, 2291, 677, 2
MM, 2292, 678, 2
MM, 2294, 678, 2
MM, 2295, 678, 2
MM, 2296, 679, 2
MM, 2298, 681, 6
MM, 2299, 681, 2
MM, 2301, 681, 8
MM, 2301, 682, 57
MM, 2302, 682, 4
MM, 2302, 684, 6
MM, 2304, 684, 2
MM, 2305, 685, 2
MM, 2306, 685, 4
MM, 2308, 685, 4
MM, 2308, 687, 2
MM, 2309, 687, 1
MM, 2311, 687, 2
MM, 2312, 688, 2
MM, 2314, 689, 2
MM, 2314, 691, 3
MM, 2315, 691, 1
MM, 2316, 691, 3
MM, 2318, 691, 1
MM, 2319, 692, 2
MM, 2319, 694, 2
MM, 2321, 694, 2
MM, 2322, 695, 2
MM, 2324, 695, 2
MM, 2325, 695, 4
MM, 2325, 697, 2
MM, 2326, 698, 2
MM, 2328, 699, 6
MM, 2329, 701, 2
MM, 2331, 701, 4
MM, 2332, 701, 2
MM, 2333, 701, 4
MM, 2335, 701, 2
MM, 2336, 702, 2
MM, 2338, 704, 4
MM, 2339, 705, 6
MM, 2341, 705, 4
MM, 2341, 706, 2
MM, 2342, 706, 2
MM, 2343, 708, 6
MM, 2345, 708, 8
MM, 2345, 709, 12
MM, 2346, 709, 2
MM, 2346, 711, 2
MM, 2348, 711, 2
MM, 2348, 712, 8
MM, 2349, 712, 2
MM, 2351, 712, 6
MM, 2351, 714, 4
MM, 2352, 714, 3
MM, 2353, 715, 6
MM, 2355, 716, 6
MM, 2356, 716, 2
MM, 2356, 718, 2
MM, 2358, 718, 2
MM, 2358, 719, 6
MM, 2359, 719, 2
MM, 2360, 719, 2
MM, 2362, 719, 6
MM, 2363, 721, 67
MM, 2365, 722, 2
MM, 2365, 724, 5
MM, 2366, 724, 2
MM, 2366, 725, 2
MM, 2368, 726, 2
MM, 2368, 728, 2
MM, 2369, 728, 2
MM, 2369, 729, 2
MM, 2370, 731, 4
MM, 2372, 732, 2
MM, 2372, 733, 4
MM, 2373, 735, 8
MM, 2375, 735, 7
MP, 1, 118
MR, 1, 108
MC, 1, 0
MM, 2376, 736, 249
MM, 2378, 738, 2
MM, 2379, 739, 2
MM, 2380, 741, 2
MM, 2382, 742, 2
MM, 2383, 745, 2
MM, 2387, 749, 2
MM, 2391, 752, 2
MM, 2392, 758, 2
MM, 2396, 763, 2
MM, 2400, 769, 2
MM, 2402, 777, 2
MM, 2405, 782, 2
MM, 2411, 788, 2
MM, 2416, 799, 2
MM, 2420, 808, 2
MM, 2424, 816, 2
MM, 2429, 827, 2
MM, 2433, 835, 2
MM, 2437, 844, 2
MM, 2441, 855, 2
MM, 2445, 863, 2
MM, 2448, 874, 2
MM, 2452, 882, 2
MM, 2456, 891, 2
MM, 2460, 902, 2
MM, 2463, 913, 2
MM, 2465, 924, 2
MM, 2467, 931, 2
MM, 2471, 939, 2
MM, 2473, 950, 2
MM, 2475, 961, 2
MM, 2477, 972, 1
MM, 2479, 980, 2
MM, 2481, 991, 2
MM, 2481, 1001, 2
MM, 2481, 1008, 2
MM, 2481, 1018, 2
MM, 2481, 1029, 3
MM, 2481, 1039, 1
MM, 2481, 1049, 2
MM, 2481, 1057, 2
MM, 2481, 1067, 2
MM, 2481, 1077, 2
MM, 2481, 1085, 2
MM, 2481, 1095, 2
MM, 2481, 1105, 2
MM, 2481, 1112, 2
MM, 2481, 1122, 2
MM, 2480, 1133, 2
MM, 2478, 1144, 2
MM, 2478, 1151, 2
MM, 2478, 1159, 2
MM, 2478, 1169, 2
MM, 2478, 1179, 2
MM, 2478, 1190, 2
MM, 2478, 1197, 2
MM, 2478, 1204, 2
MM, 2478, 1212, 2
MM, 2476, 1222, 2
MM, 2476, 1233, 2
MM, 2476, 1240, 2
MM, 2476, 1250, 2
MM, 2476, 1257, 2
MM, 2474, 1268, 2
MM, 2474, 1275, 2
MM, 2474, 1283, 2
MM, 2472, 1290, 2
MM, 2472, 1298, 2
MM, 2470, 1306, 2
MM, 2470, 1313, 2
MM, 2470, 1318, 2
MM, 2470, 1326, 2
MM, 2470, 1333, 2
MM, 2468, 1341, 2
MM, 2468, 1346, 2
MM, 2468, 1352, 2
MM, 2468, 1359, 2
MM, 2468, 1364, 2
MM, 2468, 1372, 2
MM, 2468, 1379, 2
MM, 2468, 1385, 2
MM, 2468, 1390, 2
MM, 2468, 1395, 2
MM, 2468, 1403, 2
MM, 2469, 1408, 2
MM, 2471, 1414, 2
MM, 2473, 1419, 2
MM, 2473, 1425, 2
MM, 2474, 1430, 2
MM, 2476, 1434, 2
MM, 2476, 1439, 2
MM, 2478, 1444, 2
MM, 2480, 1450, 2
MM, 2482, 1455, 2
MM, 2484, 1461, 2
MM, 2485, 1466, 2
MM, 2487, 1472, 2
MM, 2489, 1477, 2
MM, 2489, 1483, 2
MM, 2491, 1488, 2
MM, 2493, 1494, 2
MM, 2493, 1499, 2
MM, 2494, 1503, 2
MM, 2496, 1508, 2
MM, 2498, 1514, 2
MM, 2500, 1519, 2
MM, 2500, 1524, 2
MM, 2500, 1528, 2
MM, 2502, 1531, 2
MM, 2502, 1536, 2
MM, 2503, 1540, 2
MM, 2505, 1545, 2
MM, 2505, 1548, 2
MM, 2505, 1554, 2
MM, 2505, 1557, 2
MM, 2507, 1560, 2
MM, 2507, 1564, 2
MM, 2507, 1567, 2
MM, 2509, 1570, 2
MM, 2509, 1573, 2
MM, 2509, 1577, 2
MM, 2509, 1578, 2
MM, 2509, 1581, 2
MM, 2509, 1582, 2
MM, 2509, 1585, 2
MM, 2509, 1589, 4
MM, 2509, 1590, 4
MM, 2509, 1592, 8
MM, 2509, 1593, 2
MM, 2509, 1594, 10
MM, 2509, 1596, 4
MM, 2508, 1597, 2
MM, 2507, 1599, 4
MM, 2505, 1600, 2
MM, 2505, 1601, 4
MM, 2505, 1603, 2
MM, 2504, 1606, 2
MM, 2502, 1607, 2
MM, 2501, 1609, 2
MM, 2499, 1612, 4
MM, 2498, 1615, 2
MM, 2496, 1617, 2
MM, 2495, 1618, 2
MM, 2493, 1621, 2
MM, 2493, 1625, 2
MM, 2493, 1628, 2
MM, 2491, 1631, 2
MM, 2490, 1635, 2
MM, 2488, 1638, 2
MM, 2487, 1639, 2
MM, 2485, 1641, 2
MM, 2484, 1642, 2
MM, 2482, 1645, 2
MM, 2479, 1647, 2
MM, 2477, 1649, 2
MM, 2476, 1650, 2
MM, 2475, 1651, 2
MM, 2473, 1653, 2
MM, 2472, 1654, 2
MM, 2470, 1656, 2
MM, 2469, 1657, 2
MM, 2467, 1659, 2
MM, 2466, 1660, 2
MM, 2463, 1661, 2
MM, 2461, 1663, 5
MM, 2458, 1664, 1
MM, 2457, 1666, 2
MM, 2454, 1667, 2
MM, 2452, 1669, 3
MM, 2449, 1670, 2
MM, 2448, 1672, 2
MM, 2445, 1673, 1
MM, 2443, 1675, 3
MM, 2440, 1675, 1
MM, 2437, 1677, 3
MM, 2435, 1678, 2
MM, 2432, 1680, 2
MM, 2429, 1680, 2
MM, 2426, 1681, 2
MM, 2422, 1681, 2
MM, 2421, 1683, 2
MM, 2418, 1684, 2
MM, 2413, 1684, 4
MM, 2409, 1686, 2
MM, 2406, 1686, 2
MM, 2405, 1686, 2
MM, 2403, 1687, 2
MM, 2402, 1687, 2
MM, 2399, 1687, 2
MM, 2397, 1687, 2
MM, 2396, 1687, 2
MM, 2384, 1690, 14
MM, 2383, 1690, 4
MM, 2380, 1690, 4
MM, 2378, 1692, 3
MM, 2377, 1693, 2
MM, 2375, 1695, 4
MM, 2374, 1695, 2
MM, 2373, 1695, 2
MM, 2371, 1696, 2
MM, 2371, 1699, 2
MM, 2370, 1701, 6
MM, 2370, 1702, 2
MM, 2370, 1703, 2
MM, 2368, 1705, 2
MM, 2367, 1706, 2
MM, 2365, 1709, 4
MM, 2364, 1711, 2
MM, 2362, 1712, 2
MM, 2361, 1714, 2
MM, 2354, 1719, 13
MM, 2354, 1721, 1
MM, 2353, 1722, 2
MM, 2351, 1724, 2
MM, 2350, 1724, 2
MM, 2348, 1725, 2
MM, 2347, 1728, 4
MM, 2345, 1730, 4
MM, 2344, 1731, 2
MM, 2342, 1732, 2
MM, 2341, 1734, 2
MM, 2341, 1735, 2
MM, 2340, 1737, 4
MM, 2338, 1738, 2
MM, 2337, 1739, 2
MM, 2335, 1741, 2
MM, 2335, 1742, 2
MM, 2334, 1744, 2
MM, 2332, 1745, 4
MM, 2331, 1747, 2
MM, 2331, 1748, 2
MM, 2330, 1749, 2
MM, 2328, 1751, 4
MM, 2328, 1752, 2
MM, 2327, 1754, 8
MM, 2327, 1755, 2
MM, 2327, 1757, 2
MM, 2327, 1758, 6
MM, 2325, 1758, 2
MM, 2325, 1759, 4
MM, 2325, 1761, 14
MM, 2324, 1761, 6
MM, 2324, 1762, 6
MM, 2324, 1764, 6
MM, 2324, 1765, 6
MM, 2324, 1765, 4
MM, 2326, 1766, 2
MM, 2327, 1768, 6
MM, 2329, 1769, 2
MM, 2329, 1771, 4
MM, 2329, 1772, 2
MM, 2329, 1774, 2
MM, 2330, 1774, 2
MM, 2331, 1775, 2
MM, 2333, 1776, 2
MM, 2334, 1778, 2
MM, 2334, 1781, 2
MM, 2334, 1782, 4
MM, 2334, 1785, 2
MM, 2334, 1789, 4
MM, 2334, 1792, 2
MM, 2334, 1795, 2
MM, 2334, 1798, 2
MM, 2334, 1801, 2
MM, 2334, 1805, 2
MM, 2336, 1808, 2
MM, 2336, 1813, 2
MM, 2336, 1816, 2
MM, 2336, 1822, 2
MM, 2336, 1827, 2
MM, 2335, 1833, 2
MM, 2333, 1838, 2
MM, 2333, 1844, 2
MM, 2332, 1849, 2
MM, 2332, 1856, 2
MM, 2330, 1862, 2
MM, 2330, 1869, 2
MM, 2328, 1875, 2
MM, 2326, 1880, 2
MM, 2324, 1886, 2
MM, 2322, 1894, 2
MM, 2320, 1901, 2
MM, 2319, 1907, 2
MM, 2317, 1914, 2
MM, 2315, 1920, 2
MM, 2313, 1928, 2
MM, 2309, 1936, 2
MM, 2305, 1944, 2
MM, 2300, 1952, 2
MM, 2296, 1961, 2
MM, 2292, 1972, 2
MM, 2286, 1978, 2
MM, 2282, 1989, 3
MM, 2275, 2001, 1
MM, 2270, 2009, 3
MM, 2263, 2021, 1
MM, 2256, 2032, 2
MM, 2250, 2041, 2
MM, 2243, 2053, 2
MM, 2236, 2064, 2
MM, 2229, 2076, 2
MM, 2222, 2088, 2
MM, 2212, 2100, 3
MM, 2203, 2112, 1
MM, 2196, 2120, 3
MM, 2190, 2129, 1
MM, 2180, 2141, 3
MM, 2171, 2150, 1
MM, 2162, 2159, 2
MM, 2155, 2168, 3
MM, 2149, 2168, 2
MM, 2139, 2171, 2
MM, 2133, 2167, 2
MM, 2126, 2168, 2
MM, 2117, 2168, 2
MM, 2108, 2168, 2
MM, 2102, 2168, 2
MM, 2095, 2167, 2
MM, 2089, 2168, 2
MM, 2082, 2168, 2
MM, 2073, 2168, 2
MM, 2067, 2167, 2
MM, 2061, 2165, 2
MM, 2052, 2168, 2
MM, 2046, 2165, 2
MM, 2040, 2165, 2
MM, 2034, 2165, 2
MM, 2026, 2165, 2
MM, 2020, 2165, 2
MM, 2014, 2163, 2
MM, 2009, 2162, 2
MM, 2003, 2163, 2
MM, 1997, 2163, 2
MM, 1994, 2161, 2
MM, 1988, 2162, 2
MM, 1983, 2161, 2
MM, 1980, 2161, 2
MM, 1974, 2161, 2
MM, 1969, 2161, 2
MM, 1965, 2160, 2
MM, 1962, 2161, 2
MM, 1958, 2161, 1
MM, 1955, 2159, 2
MM, 1952, 2160, 2
MM, 1948, 2161, 2
MM, 1947, 2159, 2
MM, 1945, 2159, 4
MM, 1944, 2159, 2
MM, 1943, 2161, 2
MM, 1941, 2159, 10
MM, 1940, 2158, 214
MM, 1940, 2157, 9
MM, 1940, 2155, 10
MM, 1938, 2154, 2
MM, 1937, 2154, 1
MM, 1935, 2152, 2
MM, 1935, 2151, 2
MM, 1934, 2151, 2
MM, 1933, 2151, 2
MM, 1931, 2150, 2
MM, 1930, 2150, 2
MM, 1928, 2150, 3
MM, 1925, 2148, 1
MM, 1922, 2148, 2
MM, 1917, 2146, 5
MM, 1914, 2145, 3
MM, 1911, 2143, 2
MM, 1905, 2143, 1
MM, 1900, 2141, 2
MM, 1894, 2141, 2
MM, 1889, 2141, 2
MM, 1884, 2141, 2
MM, 1876, 2139, 2
MM, 1869, 2139, 2
MM, 1863, 2139, 2
MM, 1856, 2139, 2
MM, 1848, 2139, 2
MM, 1841, 2139, 2
MM, 1831, 2139, 2
MM, 1823, 2139, 2
MM, 1816, 2139, 2
MM, 1808, 2140, 2
MM, 1797, 2142, 2
MM, 1790, 2144, 2
MM, 1782, 2146, 2
MM, 1775, 2146, 2
MM, 1767, 2148, 2
MM, 1757, 2148, 2
MM, 1749, 2150, 2
MM, 1741, 2150, 2
MM, 1734, 2150, 2
MM, 1724, 2152, 2
MM, 1716, 2154, 2
MM, 1708, 2154, 2
MM, 1701, 2156, 2
MM, 1693, 2158, 2
MM, 1682, 2160, 2
MM, 1674, 2161, 2
MM, 1664, 2159, 2
MM, 1656, 2161, 2
MM, 1649, 2159, 2
MM, 1641, 2159, 2
MM, 1634, 2159, 2
MM, 1624, 2159, 2
MM, 1616, 2159, 2
MM, 1609, 2159, 2
MM, 1602, 2159, 2
MM, 1592, 2159, 2
MM, 1584, 2159, 2
MM, 1574, 2158, 1
MM, 1566, 2156, 2
MM, 1558, 2154, 2
MM, 1551, 2152, 2
MM, 1540, 2152, 2
MM, 1533, 2152, 2
MM, 1523, 2150, 2
MM, 1515, 2150, 2
MM, 1508, 2150, 2
MM, 1497, 2148, 2
MM, 1486, 2146, 2
MM, 1479, 2146, 2
MM, 1472, 2146, 2
MM, 1461, 2144, 2
MM, 1451, 2144, 2
MM, 1443, 2144, 2
MM, 1433, 2144, 2
MM, 1426, 2144, 2
MM, 1419, 2144, 2
MM, 1411, 2144, 2
MM, 1404, 2144, 2
MM, 1394, 2144, 2
MM, 1386, 2144, 2
MM, 1379, 2144, 2
MM, 1371, 2144, 2
MM, 1364, 2144, 2
MM, 1356, 2144, 2
MM, 1349, 2144, 2
MM, 1341, 2144, 2
MM, 1336, 2144, 2
MM, 1328, 2144, 2
MM, 1323, 2144, 2
MM, 1316, 2144, 2
MM, 1310, 2144, 2
MM, 1303, 2145, 2
MM, 1297, 2147, 2
MM, 1292, 2147, 2
MM, 1286, 2147, 2
MM, 1281, 2147, 2
MM, 1276, 2147, 2
MM, 1270, 2147, 2
MM, 1267, 2147, 2
MM, 1262, 2147, 2
MM, 1259, 2147, 2
MM, 1255, 2148, 2
MM, 1252, 2148, 2
MM, 1249, 2148, 2
MM, 1246, 2148, 4
MM, 1244, 2148, 2
MM, 1243, 2148, 4
MM, 1241, 2148, 4
MM, 1240, 2148, 46
MM, 1239, 2148, 6
MM, 1237, 2146, 2
MM, 1236, 2145, 2
MM, 1234, 2145, 4
MM, 1233, 2145, 2
MM, 1230, 2145, 2
MM, 1228, 2145, 2
MM, 1225, 2143, 2
MM, 1224, 2143, 2
MM, 1221, 2143, 2
MM, 1219, 2143, 2
MM, 1216, 2143, 2
MM, 1213, 2143, 2
MM, 1212, 2143, 2
MM, 1209, 2143, 2
MM, 1206, 2143, 2
MM, 1204, 2143, 2
MM, 1203, 2142, 2
MM, 1200, 2142, 2
MM, 1198, 2142, 2
MM, 1197, 2142, 4
MM, 1195, 2142, 3
MM, 1194, 2142, 1
MM, 1193, 2141, 2
MM, 1193, 2139, 159
MM, 1191, 2139, 101
MM, 1190, 2139, 30
MM, 1188, 2139, 4
MM, 1187, 2139, 4
MM, 1185, 2139, 2
MM, 1184, 2139, 2
MM, 1183, 2139, 4
MM, 1181, 2139, 2
MM, 1180, 2139, 4
MM, 1178, 2139, 4
MM, 1175, 2139, 2
MM, 1172, 2139, 4
MM, 1171, 2139, 6
MM, 1169, 2138, 2
MM, 1168, 2138, 2
MM, 1166, 2138, 2
MM, 1165, 2138, 4
MM, 1164, 2138, 2
MM, 1162, 2138, 2
MM, 1161, 2138, 2
MM, 1159, 2138, 2
MM, 1158, 2136, 2
MM, 1156, 2136, 6
MM, 1155, 2136, 2
MM, 1152, 2136, 2
MM, 1151, 2135, 2
MM, 1149, 2133, 4
MM, 1148, 2133, 2
MM, 1146, 2133, 5
MM, 1143, 2133, 1
MM, 1142, 2132, 2
MM, 1140, 2132, 4
MM, 1139, 2131, 2
MM, 1138, 2131, 2
MM, 1135, 2131, 4
MM, 1133, 2131, 4
MM, 1132, 2129, 2
MM, 1130, 2129, 4
MM, 1129, 2129, 4
MM, 1128, 2128, 125
MM, 1128, 2126, 12
MM, 1129, 2126, 2
MM, 1131, 2126, 4
MM, 1132, 2127, 8
MM, 1134, 2128, 1
MM, 1135, 2128, 6
MM, 1136, 2128, 8
MM, 1138, 2128, 40
MM, 1139, 2128, 12
MM, 1141, 2126, 6
MM, 1142, 2126, 6
MM, 1144, 2126, 4
MM, 1145, 2126, 2
MM, 1146, 2126, 6
MM, 1148, 2127, 4
MM, 1149, 2128, 6
MM, 1151, 2128, 2
MP, 1, 125
MR, 1, 142
MC, 1, 0
MM, 1152, 2128, 296
MM, 1152, 2130, 2
MM, 1154, 2130, 2
MM, 1155, 2130, 8
MM, 1156, 2130, 2
MM, 1156, 2131, 4
MM, 1158, 2131, 4
MM, 1159, 2131, 2
MM, 1161, 2131, 2
MM, 1162, 2131, 4
MM, 1162, 2132, 2
MM, 1163, 2134, 2
MM, 1165, 2134, 2
MM, 1166, 2135, 2
MM, 1168, 2135, 4
MM, 1169, 2135, 6
MM, 1171, 2137, 2
MM, 1172, 2137, 2
MM, 1173, 2138, 2
MM, 1175, 2138, 4
MM, 1176, 2138, 2
MM, 1178, 2138, 2
MM, 1179, 2140, 11
MM, 1181, 2140, 4
MM, 1182, 2141, 4
MM, 1183, 2141, 6
MM, 1185, 2141, 2
MM, 1186, 2141, 6
MM, 1188, 2142, 4
MM, 1189, 2142, 2
MM, 1191, 2142, 2
MM, 1192, 2142, 4
MM, 1193, 2142, 2
MM, 1195, 2142, 4
MM, 1196, 2142, 2
MM, 1198, 2142, 2
MM, 1199, 2142, 2
MM, 1200, 2142, 2
MM, 1202, 2142, 2
MM, 1205, 2142, 2
MM, 1206, 2142, 4
MM, 1208, 2142, 2
MM, 1211, 2142, 2
MM, 1212, 2142, 2
MM, 1214, 2142, 2
MM, 1215, 2142, 5
MM, 1218, 2142, 2
MM, 1219, 2142, 4
MM, 1221, 2142, 3
MM, 1222, 2142, 2
MM, 1224, 2142, 2
MM, 1225, 2142, 2
MM, 1227, 2142, 2
MM, 1228, 2142, 2
MM, 1229, 2144, 5
MM, 1231, 2144, 1
MM, 1232, 2144, 2
MM, 1234, 2144, 2
MM, 1235, 2144, 5
MM, 1237, 2144, 2
MM, 1238, 2144, 2
MM, 1239, 2144, 4
MM, 1241, 2143, 4
MM, 1242, 2142, 4
MM, 1244, 2142, 5
MM, 1245, 2142, 5
MM, 1247, 2142, 2
MM, 1248, 2142, 4
MM, 1249, 2142, 3
MM, 1251, 2142, 2
MM, 1252, 2141, 6
MM, 1254, 2141, 2
MM, 1255, 2141, 3
MM, 1256, 2141, 4
MM, 1258, 2141, 6
MM, 1259, 2141, 2
MM, 1261, 2141, 2
MM, 1262, 2141, 4
MM, 1264, 2141, 8
MM, 1265, 2141, 12
MM, 1266, 2141, 14
MM, 1268, 2141, 8
MM, 1269, 2141, 2
MM, 1271, 2141, 4
MM, 1274, 2141, 4
MM, 1275, 2141, 2
MM, 1277, 2141, 2
MM, 1280, 2141, 2
MM, 1281, 2143, 2
MM, 1284, 2143, 2
MM, 1287, 2143, 2
MM, 1291, 2143, 2
MM, 1294, 2144, 2
MM, 1297, 2144, 2
MM, 1300, 2144, 2
MM, 1304, 2144, 2
MM, 1307, 2144, 2
MM, 1310, 2144, 2
MM, 1313, 2146, 2
MM, 1317, 2146, 2
MM, 1320, 2146, 2
MM, 1323, 2148, 2
MM, 1326, 2148, 2
MM, 1330, 2148, 2
MM, 1333, 2148, 2
MM, 1336, 2148, 2
MM, 1341, 2149, 2
MM, 1345, 2149, 2
MM, 1348, 2149, 2
MM, 1351, 2151, 2
MM, 1354, 2151, 2
MM, 1358, 2151, 2
MM, 1361, 2151, 2
MM, 1362, 2151, 2
MM, 1365, 2151, 2
MM, 1367, 2151, 2
MM, 1370, 2153, 2
MM, 1371, 2154, 2
MM, 1374, 2154, 2
MM, 1376, 2154, 2
MM, 1377, 2154, 2
MM, 1380, 2154, 2
MM, 1382, 2154, 2
MM, 1383, 2154, 2
MM, 1386, 2154, 2
MM, 1389, 2154, 2
MM, 1392, 2154, 2
MM, 1396, 2154, 2
MM, 1399, 2154, 2
MM, 1400, 2154, 2
MM, 1403, 2154, 2
MM, 1406, 2154, 4
MM, 1412, 2154, 2
MM, 1415, 2154, 2
MM, 1418, 2154, 2
MM, 1422, 2153, 2
MM, 1425, 2152, 2
MM, 1430, 2152, 2
MM, 1434, 2152, 2
MM, 1437, 2150, 2
MM, 1440, 2150, 2
MM, 1444, 2148, 2
MM, 1445, 2147, 1
MM, 1448, 2147, 2
MM, 1451, 2147, 2
MM, 1455, 2145, 2
MM, 1458, 2144, 2
MM, 1462, 2142, 3
MM, 1465, 2142, 2
MM, 1470, 2140, 2
MM, 1476, 2138, 2
MM, 1481, 2136, 2
MM, 1485, 2133, 2
MM, 1490, 2131, 1
MM, 1496, 2129, 3
MM, 1501, 2125, 1
MM, 1507, 2122, 3
MM, 1515, 2118, 2
MM, 1521, 2114, 2
MM, 1529, 2108, 2
MM, 1537, 2101, 2
MM, 1546, 2095, 1
MM, 1555, 2088, 3
MM, 1564, 2079, 2
MM, 1584, 2066, 3
MM, 1593, 2059, 2
MM, 1605, 2049, 2
MM, 1614, 2040, 2
MM, 1623, 2031, 2
MM, 1632, 2025, 2
MM, 1640, 2018, 2
MM, 1649, 2012, 2
MM, 1655, 2006, 2
MM, 1664, 2000, 2
MM, 1670, 1991, 2
MM, 1677, 1982, 3
MM, 1683, 1974, 1
MM, 1689, 1968, 2
MM, 1695, 1962, 2
MM, 1699, 1954, 2
MM, 1705, 1948, 2
MM, 1709, 1940, 2
MM, 1712, 1934, 2
MM, 1716, 1926, 2
MM, 1721, 1918, 2
MM, 1727, 1909, 2
MM, 1732, 1898, 2
MM, 1736, 1890, 2
MM, 1743, 1878, 2
MM, 1747, 1870, 2
MM, 1753, 1861, 2
MM, 1760, 1849, 3
MM, 1768, 1835, 1
MM, 1775, 1820, 2
MM, 1782, 1805, 2
MM, 1787, 1791, 2
MM, 1795, 1776, 3
MM, 1802, 1764, 2
MM, 1809, 1749, 1
MM, 1814, 1735, 3
MM, 1819, 1721, 1
MM, 1826, 1706, 2
MM, 1833, 1691, 2
MM, 1841, 1673, 2
MM, 1846, 1659, 2
MM, 1851, 1641, 3
MM, 1859, 1623, 1
MM, 1863, 1609, 2
MM, 1871, 1591, 2
MM, 1876, 1574, 2
MM, 1881, 1556, 2
MM, 1889, 1538, 3
MM, 1894, 1521, 1
MM, 1899, 1503, 3
MM, 1906, 1485, 2
MM, 1911, 1468, 2
MM, 1916, 1453, 2
MM, 1921, 1439, 2
MM, 1926, 1424, 2
MM, 1928, 1410, 2
MM, 1930, 1396, 1
MM, 1933, 1382, 3
MM, 1938, 1368, 2
MM, 1940, 1357, 2
MM, 1942, 1343, 2
MM, 1944, 1332, 2
MM, 1946, 1321, 2
MM, 1946, 1311, 2
MM, 1949, 1300, 2
MM, 1949, 1293, 2
MM, 1951, 1285, 2
MM, 1951, 1278, 2
MM, 1951, 1268, 2
MM, 1951, 1257, 2
MM, 1951, 1252, 3
MM, 1951, 1245, 1
MM, 1951, 1239, 2
MM, 1951, 1234, 2
MM, 1951, 1226, 2
MM, 1951, 1219, 3
MM, 1951, 1211, 2
MM, 1950, 1206, 2
MM, 1948, 1200, 1
MM, 1946, 1195, 2
MM, 1944, 1189, 2
MM, 1944, 1186, 2
MM, 1942, 1181, 2
MM, 1942, 1178, 2
MM, 1941, 1174, 2
MM, 1939, 1171, 2
MM, 1939, 1168, 2
MM, 1939, 1166, 2
MM, 1938, 1165, 2
MM, 1936, 1162, 2
MM, 1935, 1160, 3
MM, 1935, 1159, 1
MM, 1933, 1156, 2
MM, 1933, 1154, 2
MM, 1933, 1153, 2
MM, 1932, 1151, 2
MM, 1932, 1150, 2
MM, 1930, 1147, 2
MM, 1928, 1143, 2
MM, 1928, 1140, 4
MM, 1927, 1137, 2
MM, 1925, 1133, 2
MM, 1925, 1130, 2
MM, 1925, 1129, 2
MM, 1923, 1126, 2
MM, 1923, 1122, 2
MM, 1923, 1119, 2
MM, 1922, 1116, 2
MM, 1922, 1113, 2
MM, 1922, 1109, 2
MM, 1922, 1106, 2
MM, 1920, 1101, 2
MM, 1920, 1097, 2
MM, 1920, 1094, 3
MM, 1918, 1089, 1
MM, 1918, 1086, 2
MM, 1918, 1082, 2
MM, 1916, 1079, 2
MM, 1914, 1073, 2
MM, 1914, 1070, 2
MM, 1914, 1067, 2
MM, 1914, 1062, 2
MM, 1913, 1058, 2
MM, 1913, 1055, 2
MM, 1911, 1052, 1
MM, 1909, 1048, 2
MM, 1908, 1045, 2
MM, 1908, 1042, 2
MM, 1908, 1038, 3
MM, 1906, 1033, 1
MM, 1906, 1030, 2
MM, 1904, 1026, 2
MM, 1904, 1023, 3
MM, 1902, 1020, 1
MM, 1901, 1016, 2
MM, 1901, 1011, 4
MM, 1901, 1008, 2
MM, 1899, 1006, 2
MM, 1899, 1003, 2
MM, 1897, 1000, 2
MM, 1897, 997, 6
MM, 1897, 994, 4
MM, 1897, 992, 2
MM, 1897, 991, 2
MM, 1896, 989, 2
MM, 1896, 988, 4
MM, 1896, 986, 2
MM, 1896, 985, 4
MM, 1896, 984, 3
MM, 1895, 982, 5
MM, 1895, 981, 2
MM, 1895, 979, 12
MM, 1895, 978, 2
MM, 1895, 976, 2
MM, 1895, 975, 3
MM, 1895, 974, 3
MM, 1895, 972, 3
MM, 1895, 971, 2
MM, 1895, 968, 1
MM, 1895, 966, 2
MM, 1897, 963, 2
MM, 1897, 960, 2
MM, 1897, 955, 2
MM, 1898, 951, 2
MM, 1898, 946, 2
MM, 1898, 941, 2
MM, 1898, 935, 2
MM, 1898, 930, 2
MM, 1900, 924, 2
MM, 1900, 917, 2
MM, 1902, 909, 2
MM, 1902, 904, 2
MM, 1902, 899, 2
MM, 1902, 889, 2
MM, 1904, 878, 2
MM, 1904, 870, 2
MM, 1906, 863, 2
MM, 1906, 855, 3
MM, 1908, 847, 1
MM, 1908, 840, 3
MM, 1908, 835, 2
MM, 1908, 829, 2
MM, 1910, 822, 2
MM, 1910, 816, 1
MM, 1910, 811, 2
MM, 1912, 808, 2
MM, 1912, 804, 2
MM, 1912, 801, 2
MM, 1913, 798, 2
MM, 1913, 795, 2
MM, 1915, 793, 2
MM, 1915, 792, 2
MM, 1915, 790, 7
MM, 1915, 789, 6
MM, 1916, 787, 210
MM, 1916, 788, 5
MM, 1916, 789, 2
MM, 1916, 791, 4
MM, 1916, 792, 2
MM, 1916, 794, 6
MM, 1916, 795, 2
MM, 1916, 796, 2
MM, 1916, 798, 2
MM, 1916, 799, 2
MM, 1916, 801, 4
MM, 1914, 802, 2
MM, 1914, 803, 4
MM, 1914, 805, 2
MM, 1914, 806, 4
MM, 1914, 808, 2
MM, 1914, 809, 3
MM, 1914, 811, 3
MM, 1914, 812, 4
MM, 1914, 836, 136
MM, 1916, 867, 1
MM, 1916, 870, 1
MM, 1916, 870, 65
MM, 1916, 868, 1
MM, 1916, 867, 5
MM, 1916, 865, 2
MM, 1918, 864, 2
MM, 1919, 863, 2
MM, 1919, 861, 2
MM, 1919, 858, 1
MM, 1919, 855, 2
MM, 1919, 852, 3
MM, 1921, 848, 4
MM, 1923, 845, 2
MM, 1923, 842, 2
MM, 1923, 838, 3
MM, 1923, 835, 2
MM, 1924, 834, 2
MM, 1924, 831, 2
MM, 1924, 828, 1
MM, 1924, 826, 2
MM, 1925, 825, 2
MM, 1925, 823, 2
MM, 1927, 822, 2
MM, 1927, 821, 2
MM, 1927, 817, 2
MM, 1927, 814, 4
MM, 1928, 813, 2
MM, 1928, 810, 3
MM, 1928, 807, 2
MM, 1928, 803, 3
MM, 1928, 802, 6
MM, 1930, 801, 69
MM, 1930, 803, 16
MM, 1930, 806, 2
MM, 1930, 807, 6
MM, 1930, 810, 2
MM, 1929, 812, 2
MM, 1928, 813, 2
MM, 1928, 815, 2
MM, 1928, 816, 2
MM, 1928, 817, 4
MM, 1928, 820, 2
MM, 1926, 824, 2
MM, 1926, 825, 2
MM, 1926, 827, 2
MM, 1926, 830, 2
MM, 1926, 831, 2
MM, 1926, 834, 2
MM, 1926, 836, 2
MM, 1926, 837, 2
MM, 1926, 840, 2
MM, 1924, 843, 2
MM, 1924, 845, 2
MM, 1924, 848, 2
MM, 1924, 851, 2
MM, 1924, 854, 2
MM, 1924, 857, 4
MM, 1924, 861, 2
MM, 1924, 864, 2
MM, 1924, 867, 2
MM, 1924, 872, 2
MM, 1924, 876, 2
MM, 1924, 879, 2
MM, 1925, 882, 2
MM, 1927, 886, 2
MM, 1927, 889, 3
MM, 1927, 892, 1
MM, 1929, 895, 2
MM, 1929, 899, 2
MM, 1930, 900, 2
MM, 1930, 903, 2
MM, 1930, 905, 2
MM, 1932, 908, 2
MM, 1932, 909, 2
MM, 1932, 910, 2
MM, 1932, 912, 2
MM, 1932, 915, 2
MM, 1932, 916, 4
MM, 1932, 918, 2
MM, 1932, 919, 4
MM, 1932, 921, 2
MM, 1932, 922, 6
MM, 1932, 923, 8
MM, 1932, 925, 38
MM, 1932, 926, 4
MM, 1932, 928, 4
MM, 1932, 929, 2
MM, 1932, 932, 2
MM, 1931, 934, 2
MM, 1930, 937, 2
MM, 1928, 940, 2
MM, 1926, 944, 2
MM, 1924, 947, 2
MM, 1923, 950, 2
MM, 1921, 956, 2
MM, 1919, 959, 2
MM, 1918, 963, 2
MM, 1916, 966, 2
MM, 1914, 972, 4
MM, 1912, 977, 2
MM, 1910, 981, 2
MM, 1909, 986, 2
MM, 1907, 992, 1
MM, 1905, 997, 1
MM, 1903, 1003, 2
MM, 1901, 1008, 2
MM, 1899, 1013, 2
MM, 1898, 1019, 2
MM, 1896, 1024, 2
MM, 1896, 1030, 2
MM, 1894, 1035, 2
MM, 1892, 1041, 2
MM, 1892, 1046, 2
MM, 1890, 1052, 2
MM, 1888, 1059, 2
MM, 1886, 1067, 2
MM, 1885, 1075, 2
MM, 1883, 1082, 2
MM, 1881, 1090, 3
MM, 1877, 1098, 1
MM, 1874, 1109, 2
MM, 1870, 1121, 2
MM, 1865, 1132, 2
MM, 1861, 1143, 2
MM, 1856, 1154, 2
MM, 1852, 1169, 2
MM, 1846, 1186, 3
MM, 1839, 1204, 1
MM, 1831, 1222, 2
MM, 1824, 1240, 2
MM, 1813, 1258, 2
MM, 1806, 1276, 2
MM, 1795, 1297, 2
MM, 1784, 1319, 2
MM, 1771, 1340, 3
MM, 1758, 1358, 2
MM, 1744, 1380, 2
MM, 1731, 1401, 2
MM, 1718, 1420, 2
MM, 1707, 1441, 2
MM, 1694, 1462, 2
MM, 1680, 1484, 2
MM, 1667, 1505, 2
MM, 1654, 1524, 2
MM, 1641, 1542, 2
MM, 1627, 1561, 2
MM, 1612, 1579, 2
MM, 1595, 1601, 2
MM, 1582, 1622, 2
MM, 1569, 1641, 2
MM, 1556, 1659, 2
MM, 1542, 1677, 2
MM, 1529, 1699, 2
MM, 1516, 1720, 2
MM, 1503, 1739, 2
MM, 1489, 1757, 2
MM, 1476, 1775, 2
MM, 1466, 1797, 2
MM, 1452, 1818, 2
MM, 1442, 1836, 2
MM, 1434, 1854, 2
MM, 1424, 1872, 2
MM, 1413, 1890, 2
MM, 1403, 1909, 1
MM, 1393, 1927, 2
MM, 1385, 1945, 2
MM, 1377, 1962, 2
MM, 1370, 1977, 2
MM, 1362, 1995, 2
MM, 1355, 2010, 2
MM, 1347, 2028, 2
MM, 1340, 2042, 2
MM, 1335, 2057, 2
MM, 1328, 2072, 2
MM, 1323, 2083, 2
MM, 1319, 2094, 2
MM, 1308, 2119, 6
MM, 1304, 2127, 2
MM, 1303, 2133, 2
MM, 1299, 2138, 2
MM, 1297, 2144, 2
MM, 1295, 2147, 2
MM, 1294, 2151, 2
MM, 1292, 2154, 2
MM, 1292, 2159, 2
MM, 1290, 2161, 2
MM, 1290, 2160, 2
MM, 1290, 2161, 2
MM, 1289, 2160, 2
MM, 1289, 2160, 2
MM, 1288, 2161, 4
MM, 1288, 2160, 4
MM, 1286, 2159, 96
MM, 1285, 2159, 6
MM, 1283, 2161, 4
MM, 1282, 2160, 4
MM, 1280, 2159, 2
MM, 1279, 2159, 4
MM, 1276, 2161, 2
MM, 1274, 2160, 2
MM, 1273, 2159, 2
MM, 1270, 2161, 2
MM, 1266, 2160, 2
MM, 1263, 2161, 3
MM, 1262, 2161, 1
MM, 1259, 2159, 2
MM, 1255, 2159, 2
MM, 1252, 2160, 2
MM, 1247, 2161, 2
MM, 1243, 2161, 3
MM, 1238, 2161, 1
MM, 1234, 2160, 3
MM, 1231, 2159, 1
MM, 1228, 2161, 2
MM, 1224, 2161, 2
MM, 1221, 2160, 2
MM, 1217, 2161, 2
MM, 1214, 2159, 3
MM, 1211, 2161, 2
MM, 1208, 2159, 1
MM, 1204, 2161, 2
MM, 1203, 2160, 2
MM, 1201, 2159, 2
MM, 1200, 2159, 2
MM, 1198, 2159, 2
MM, 1195, 2159, 2
MM, 1194, 2160, 3
MM, 1191, 2159, 2
MM, 1188, 2159, 4
MM, 1185, 2159, 4
MM, 1181, 2159, 4
MM, 1178, 2159, 2
MM, 1177, 2159, 2
MM, 1175, 2159, 2
MM, 1174, 2159, 2
MM, 1171, 2159, 2
MM, 1168, 2159, 2
MM, 1166, 2159, 2
MM, 1163, 2159, 2
MM, 1160, 2159, 2
MM, 1157, 2159, 2
MM, 1154, 2159, 2
MM, 1150, 2159, 2
MM, 1145, 2159, 2
MM, 1141, 2155, 2
MM, 1136, 2153, 2
MM, 1130, 2151, 2
MM, 1127, 2150, 2
MM, 1122, 2150, 2
MM, 1116, 2148, 2
MM, 1111, 2146, 2
MM, 1105, 2144, 2
MM, 1100, 2144, 2
MM, 1094, 2142, 2
MM, 1089, 2141, 2
MM, 1083, 2139, 2
MM, 1078, 2139, 2
MM, 1072, 2137, 2
MM, 1067, 2135, 2
MM, 1064, 2135, 2
MM, 1058, 2135, 2
MM, 1053, 2131, 2
MM, 1047, 2129, 2
MM, 1044, 2129, 2
MM, 1041, 2129, 2
MM, 1038, 2128, 2
MM, 1034, 2126, 2
MM, 1033, 2126, 2
MM, 1030, 2126, 4
MM, 1026, 2124, 2
MM, 1025, 2124, 2
MM, 1023, 2123, 4
MM, 1022, 2121, 2
MM, 1021, 2122, 26
MM, 1021, 2121, 35
MM, 1021, 2120, 4
MM, 1021, 2119, 6
MM, 1021, 2117, 6
MM, 1021, 2116, 4
MM, 1021, 2113, 2
MM, 1021, 2111, 4
MM, 1021, 2110, 10
MM, 1021, 2108, 8
MM, 1021, 2107, 10
MM, 1022, 2106, 6
MM, 1024, 2106, 2
MM, 1025, 2104, 2
MM, 1025, 2103, 4
MM, 1027, 2101, 4
MM, 1028, 2101, 6
MM, 1030, 2101, 4
MM, 1030, 2100, 2
MM, 1031, 2100, 2
MM, 1032, 2100, 42
MM, 1034, 2100, 8
MM, 1035, 2100, 5
MM, 1037, 2100, 1
MM, 1038, 2100, 4
MM, 1039, 2100, 4
MM, 1041, 2100, 2
MM, 1042, 2100, 2
MM, 1044, 2100, 4
MM, 1045, 2100, 2
MM, 1047, 2100, 2
MM, 1048, 2102, 2
MM, 1049, 2102, 4
MM, 1051, 2102, 2
MM, 1052, 2102, 2
MM, 1054, 2102, 3
MM, 1055, 2102, 1
MM, 1057, 2102, 4
MM, 1058, 2103, 2
MM, 1059, 2103, 2
MM, 1061, 2103, 3
MM, 1062, 2103, 1
MM, 1064, 2103, 9
MM, 1065, 2105, 3
MM, 1067, 2105, 4
MM, 1068, 2105, 7
MM, 1069, 2106, 8
MM, 1071, 2107, 6
MM, 1072, 2109, 2
MM, 1074, 2110, 4
MM, 1074, 2112, 2
MM, 1075, 2112, 2
MM, 1076, 2113, 6
MM, 1078, 2113, 2
MM, 1079, 2113, 6
MM, 1079, 2115, 2
MM, 1079, 2116, 2
MM, 1081, 2116, 8
MM, 1081, 2117, 2
MM, 1081, 2119, 4
MM, 1082, 2120, 6
MM, 1084, 2122, 4
MM, 1084, 2123, 8
MM, 1084, 2125, 10
MM, 1084, 2126, 6
MM, 1084, 2127, 20
MP, 1, 216
MR, 1, 112
MC, 1, 0
MM, 1084, 2125, 517
MM, 1084, 2124, 8
MM, 1085, 2123, 2
MM, 1086, 2121, 2
MM, 1088, 2120, 2
MM, 1089, 2118, 4
MM, 1091, 2117, 2
MM, 1092, 2115, 2
MM, 1094, 2114, 2
MM, 1095, 2113, 2
MM, 1096, 2111, 2
MM, 1098, 2110, 3
MM, 1099, 2108, 2
MM, 1101, 2105, 4
MM, 1101, 2104, 2
MM, 1102, 2101, 2
MM, 1106, 2099, 2
MM, 1107, 2098, 2
MM, 1109, 2094, 2
MM, 1110, 2093, 2
MM, 1112, 2092, 2
MM, 1114, 2089, 4
MM, 1116, 2086, 1
MM, 1119, 2084, 2
MM, 1121, 2080, 2
MM, 1128, 2075, 4
MM, 1132, 2073, 2
MM, 1135, 2070, 2
MM, 1141, 2068, 3
MM, 1144, 2065, 2
MM, 1148, 2063, 2
MM, 1153, 2059, 2
MM, 1159, 2055, 2
MM, 1165, 2050, 2
MM, 1170, 2048, 2
MM, 1178, 2044, 2
MM, 1187, 2037, 2
MM, 1198, 2030, 2
MM, 1210, 2023, 2
MM, 1219, 2017, 2
MM, 1230, 2010, 2
MM, 1242, 2000, 2
MM, 1257, 1990, 2
MM, 1272, 1980, 2
MM, 1288, 1970, 2
MM, 1303, 1960, 2
MM, 1317, 1953, 2
MM, 1336, 1939, 2
MM, 1351, 1929, 2
MM, 1369, 1916, 2
MM, 1388, 1903, 2
MM, 1403, 1890, 2
MM, 1421, 1877, 2
MM, 1440, 1864, 2
MM, 1458, 1848, 2
MM, 1477, 1832, 2
MM, 1496, 1814, 2
MM, 1514, 1798, 2
MM, 1533, 1779, 2
MM, 1552, 1760, 1
MM, 1574, 1741, 3
MM, 1596, 1719, 2
MM, 1612, 1700, 2
MM, 1634, 1678, 2
MM, 1653, 1656, 2
MM, 1675, 1631, 2
MM, 1697, 1609, 2
MM, 1717, 1584, 2
MM, 1736, 1562, 2
MM, 1758, 1537, 2
MM, 1777, 1515, 2
MM, 1796, 1493, 2
MM, 1819, 1468, 2
MM, 1838, 1443, 2
MM, 1857, 1421, 2
MM, 1876, 1400, 2
MM, 1896, 1375, 2
MM, 1915, 1353, 2
MM, 1931, 1331, 2
MM, 1950, 1309, 2
MM, 1969, 1290, 2
MM, 1985, 1269, 2
MM, 2001, 1250, 2
MM, 2020, 1228, 2
MM, 2036, 1210, 2
MM, 2052, 1194, 1
MM, 2070, 1178, 2
MM, 2086, 1163, 2
MM, 2101, 1150, 2
MM, 2114, 1135, 2
MM, 2129, 1122, 2
MM, 2142, 1110, 2
MM, 2154, 1100, 2
MM, 2166, 1090, 2
MM, 2178, 1081, 2
MM, 2187, 1072, 2
MM, 2193, 1066, 2
MM, 2201, 1059, 2
MM, 2207, 1056, 2
MM, 2212, 1052, 2
MM, 2218, 1048, 2
MM, 2221, 1046, 2
MM, 2223, 1045, 2
MM, 2228, 1043, 2
MM, 2229, 1042, 2
MM, 2231, 1041, 2
MM, 2231, 1039, 2
MM, 2232, 1038, 2
MM, 2232, 1038, 227
MM, 2233, 1040, 2
MM, 2235, 1040, 5
MM, 2236, 1041, 2
MM, 2238, 1041, 2
MM, 2239, 1041, 7
MM, 2241, 1042, 1
MM, 2242, 1042, 2
MM, 2243, 1042, 4
MM, 2243, 1044, 2
MM, 2245, 1044, 2
MM, 2246, 1044, 8
MM, 2248, 1044, 6
MM, 2249, 1044, 55
MM, 2251, 1044, 7
MM, 2252, 1043, 3
MM, 2253, 1042, 2
MM, 2257, 1040, 2
MM, 2258, 1039, 1
MM, 2261, 1037, 2
MM, 2262, 1037, 2
MM, 2266, 1036, 3
MM, 2269, 1034, 1
MM, 2273, 1031, 2
MM, 2276, 1027, 2
MM, 2278, 1026, 3
MM, 2281, 1024, 1
MM, 2284, 1020, 2
MM, 2288, 1017, 2
MM, 2291, 1015, 2
MM, 2297, 1011, 2
MM, 2300, 1008, 3
MM, 2306, 1004, 2
MM, 2310, 1001, 2
MM, 2313, 997, 2
MM, 2317, 993, 2
MM, 2322, 990, 2
MM, 2326, 986, 2
MM, 2330, 981, 2
MM, 2333, 977, 1
MM, 2337, 973, 2
MM, 2340, 970, 2
MM, 2344, 966, 2
MM, 2347, 963, 2
MM, 2351, 959, 2
MM, 2355, 954, 2
MM, 2358, 950, 3
MM, 2362, 946, 2
MM, 2365, 943, 2
MM, 2369, 939, 2
MM, 2373, 936, 2
MM, 2374, 932, 2
MM, 2378, 929, 2
MM, 2381, 925, 2
MM, 2385, 922, 1
MM, 2387, 918, 3
MM, 2388, 915, 1
MM, 2392, 911, 3
MM, 2395, 908, 2
MM, 2397, 904, 2
MM, 2399, 903, 1
MM, 2402, 900, 3
MM, 2403, 898, 1
MM, 2405, 895, 3
MM, 2405, 892, 2
MM, 2406, 891, 2
MM, 2406, 889, 2
MM, 2408, 888, 2
MM, 2408, 886, 2
MM, 2408, 885, 2
MM, 2408, 883, 6
MM, 2408, 882, 32
MM, 2409, 881, 115
MM, 2409, 881, 149
MM, 2406, 881, 2
MM, 2404, 881, 2
MM, 2403, 882, 2
MM, 2401, 882, 2
MM, 2400, 884, 2
MM, 2398, 884, 2
MM, 2395, 885, 2
MM, 2392, 887, 2
MM, 2386, 889, 2
MM, 2383, 893, 2
MM, 2377, 896, 2
MM, 2372, 898, 2
MM, 2366, 902, 2
MM, 2358, 906, 2
MM, 2353, 910, 2
MM, 2344, 916, 2
MM, 2336, 922, 2
MM, 2327, 929, 2
MM, 2318, 935, 2
MM, 2309, 944, 2
MM, 2300, 956, 2
MM, 2291, 965, 2
MM, 2279, 975, 2
MM, 2269, 987, 2
MM, 2257, 999, 2
MM, 2244, 1012, 2
MM, 2232, 1024, 2
MM, 2222, 1039, 2
MM, 2209, 1054, 2
MM, 2197, 1066, 2
MM, 2185, 1079, 2
MM, 2172, 1091, 2
MM, 2160, 1103, 2
MM, 2147, 1119, 2
MM, 2132, 1134, 2
MM, 2116, 1150, 2
MM, 2104, 1162, 2
MM, 2088, 1178, 1
MM, 2073, 1190, 2
MM, 2060, 1206, 2
MM, 2045, 1221, 2
MM, 2029, 1237, 2
MM, 2014, 1252, 2
MM, 1998, 1268, 2
MM, 1982, 1286, 2
MM, 1967, 1302, 2
MM, 1948, 1318, 2
MM, 1933, 1333, 2
MM, 1917, 1352, 2
MM, 1904, 1370, 2
MM, 1888, 1389, 2
MM, 1875, 1407, 2
MM, 1861, 1426, 2
MM, 1848, 1444, 2
MM, 1832, 1463, 2
MM, 1816, 1484, 3
MM, 1803, 1506, 1
MM, 1790, 1524, 2
MM, 1776, 1546, 2
MM, 1762, 1570, 2
MM, 1749, 1592, 2
MM, 1736, 1613, 2
MM, 1725, 1638, 2
MM, 1711, 1659, 2
MM, 1698, 1681, 2
MM, 1684, 1702, 2
MM, 1671, 1724, 2
MM, 1660, 1745, 3
MM, 1650, 1766, 1
MM, 1639, 1787, 2
MM, 1629, 1805, 2
MM, 1618, 1824, 2
MM, 1608, 1842, 2
MM, 1598, 1860, 2
MM, 1587, 1881, 2
MM, 1576, 1902, 2
MM, 1566, 1924, 2
MM, 1558, 1941, 2
MM, 1548, 1960, 2
MM, 1537, 1978, 2
MM, 1530, 1996, 2
MM, 1522, 2013, 2
MM, 1515, 2028, 2
MM, 1507, 2043, 2
MM, 1500, 2058, 2
MM, 1492, 2076, 2
MM, 1485, 2087, 2
MM, 1478, 2102, 2
MM, 1474, 2113, 2
MM, 1469, 2125, 2
MM, 1464, 2136, 2
MM, 1460, 2150, 2
MM, 1455, 2162, 2
MM, 1451, 2167, 2
MM, 1447, 2167, 2
MM, 1443, 2165, 2
MM, 1441, 2164, 2
MM, 1439, 2165, 2
MM, 1438, 2164, 2
MM, 1436, 2163, 2
MM, 1435, 2160, 2
MM, 1435, 2162, 2
MM, 1433, 2160, 2
MM, 1433, 2161, 2
MM, 1432, 2160, 2
MM, 1432, 2161, 4
MM, 1430, 2159, 211
MM, 1429, 2159, 2
MM, 1427, 2159, 6
MM, 1426, 2158, 5
MM, 1425, 2157, 1
MM, 1423, 2157, 4
MM, 1422, 2157, 4
MM, 1420, 2157, 2
MM, 1419, 2157, 1
MM, 1416, 2157, 2
MM, 1414, 2157, 2
MM, 1413, 2157, 3
MM, 1410, 2157, 1
MM, 1407, 2157, 2
MM, 1401, 2157, 4
MM, 1396, 2157, 4
MM, 1393, 2157, 2
MM, 1388, 2157, 2
MM, 1382, 2157, 2
MM, 1381, 2157, 2
MM, 1376, 2159, 2
MM, 1371, 2159, 2
MM, 1365, 2159, 2
MM, 1362, 2159, 2
MM, 1357, 2159, 2
MM, 1354, 2159, 2
MM, 1348, 2159, 2
MM, 1343, 2159, 2
MM, 1337, 2159, 2
MM, 1332, 2159, 2
MM, 1327, 2159, 2
MM, 1321, 2159, 2
MM, 1318, 2159, 2
MM, 1313, 2159, 2
MM, 1308, 2159, 2
MM, 1302, 2159, 2
MM, 1299, 2159, 2
MM, 1296, 2159, 2
MM, 1291, 2159, 2
MM, 1285, 2159, 2
MM, 1282, 2159, 2
MM, 1279, 2158, 2
MM, 1275, 2157, 2
MM, 1272, 2157, 2
MM, 1267, 2157, 2
MM, 1263, 2157, 2
MM, 1258, 2155, 2
MM, 1255, 2153, 2
MM, 1251, 2151, 2
MM, 1248, 2151, 2
MM, 1245, 2151, 2
MM, 1239, 2151, 2
MM, 1234, 2149, 2
MM, 1231, 2149, 2
MM, 1227, 2149, 2
MM, 1224, 2149, 2
MM, 1219, 2148, 2
MM, 1216, 2148, 2
MM, 1212, 2148, 2
MM, 1209, 2146, 2
MM, 1204, 2146, 2
MM, 1200, 2146, 2
MM, 1195, 2144, 2
MM, 1192, 2144, 2
MM, 1188, 2142, 2
MM, 1183, 2142, 2
MM, 1180, 2142, 2
MM, 1177, 2142, 2
MM, 1171, 2142, 2
MM, 1166, 2141, 2
MM, 1160, 2141, 2
MM, 1157, 2141, 2
MM, 1154, 2137, 2
MM, 1148, 2135, 2
MM, 1143, 2135, 2
MM, 1140, 2135, 2
MM, 1134, 2135, 2
MM, 1131, 2135, 2
MM, 1126, 2135, 2
MM, 1120, 2135, 2
MM, 1115, 2133, 2
MM, 1112, 2133, 2
MM, 1106, 2133, 2
MM, 1103, 2133, 2
MM, 1100, 2133, 2
MM, 1097, 2133, 2
MM, 1094, 2133, 2
MM, 1090, 2133, 2
MM, 1087, 2133, 2
MM, 1084, 2133, 2
MM, 1081, 2133, 2
MM, 1079, 2133, 2
MM, 1076, 2133, 4
MM, 1075, 2133, 2
MM, 1073, 2133, 2
MM, 1072, 2133, 4
MM, 1071, 2133, 4
MM, 1069, 2133, 2
MM, 1068, 2133, 147
MM, 1066, 2134, 4
MM, 1063, 2135, 4
MM, 1062, 2137, 4
MM, 1059, 2137, 2
MM, 1055, 2138, 4
MM, 1052, 2140, 2
MM, 1049, 2142, 2
MM, 1045, 2142, 2
MM, 1042, 2144, 2
MM, 1040, 2145, 2
MM, 1037, 2147, 2
MM, 1034, 2147, 2
MM, 1031, 2147, 2
MM, 1028, 2148, 2
MM, 1024, 2150, 2
MM, 1021, 2150, 1
MM, 1015, 2152, 3
MM, 1012, 2153, 1
MM, 1009, 2153, 2
MM, 1006, 2153, 2
MM, 1002, 2155, 2
MM, 999, 2157, 2
MM, 996, 2157, 2
MM, 992, 2159, 2
MM, 989, 2159, 2
MM, 986, 2159, 2
MM, 983, 2159, 2
MM, 979, 2159, 2
MM, 976, 2159, 2
MM, 973, 2159, 2
MM, 970, 2159, 2
MM, 968, 2159, 2
MM, 965, 2160, 2
MM, 962, 2159, 2
MM, 961, 2159, 2
MM, 958, 2159, 2
MM, 956, 2159, 2
MM, 955, 2159, 2
MM, 953, 2159, 2
MM, 952, 2159, 4
MM, 950, 2159, 275
MM, 951, 2157, 2
MM, 952, 2156, 6
MM, 954, 2156, 2
MM, 955, 2156, 4
MM, 957, 2156, 4
MM, 958, 2154, 2
MM, 959, 2153, 6
MM, 959, 2152, 2
MM, 961, 2152, 2
MM, 962, 2150, 2
MM, 964, 2149, 4
MM, 965, 2149, 4
MM, 967, 2149, 6
MM, 967, 2147, 2
MM, 968, 2147, 2
MM, 969, 2147, 3
MM, 971, 2146, 2
MM, 971, 2145, 8
MP, 1, 965
MR, 1, 126
MC, 1, 0
MM, 972, 2145, 217
MM, 972, 2143, 3
MM, 974, 2142, 3
MM, 975, 2140, 2
MM, 976, 2139, 4
MM, 978, 2137, 2
MM, 979, 2137, 2
MM, 981, 2136, 2
MM, 982, 2135, 2
MM, 984, 2133, 2
MM, 987, 2132, 2
MM, 988, 2130, 2
MM, 990, 2129, 3
MM, 993, 2127, 1
MM, 994, 2126, 2
MM, 996, 2124, 3
MM, 999, 2123, 1
MM, 1002, 2121, 2
MM, 1004, 2118, 2
MM, 1007, 2116, 2
MM, 1011, 2114, 3
MM, 1014, 2111, 1
MM, 1018, 2109, 2
MM, 1021, 2105, 2
MM, 1025, 2102, 2
MM, 1028, 2098, 3
MM, 1034, 2096, 1
MM, 1039, 2093, 2
MM, 1045, 2089, 3
MM, 1056, 2079, 4
MM, 1062, 2076, 2
MM, 1079, 2063, 4
MM, 1088, 2057, 1
MM, 1097, 2048, 2
MM, 1108, 2041, 2
MM, 1120, 2034, 3
MM, 1129, 2027, 2
MM, 1141, 2017, 1
MM, 1152, 2010, 2
MM, 1164, 2001, 3
MM, 1179, 1991, 1
MM, 1194, 1981, 2
MM, 1209, 1971, 3
MM, 1225, 1961, 2
MM, 1240, 1951, 2
MM, 1255, 1938, 2
MM, 1273, 1925, 2
MM, 1288, 1915, 2
MM, 1310, 1901, 2
MM, 1328, 1891, 2
MM, 1346, 1881, 2
MM, 1364, 1867, 2
MM, 1383, 1854, 2
MM, 1401, 1841, 2
MM, 1420, 1828, 2
MM, 1435, 1818, 2
MM, 1453, 1805, 2
MM, 1471, 1792, 2
MM, 1487, 1779, 2
MM, 1502, 1766, 2
MM, 1520, 1756, 2
MM, 1535, 1743, 2
MM, 1550, 1733, 2
MM, 1569, 1723, 2
MM, 1581, 1710, 2
MM, 1596, 1700, 2
MM, 1611, 1690, 2
MM, 1626, 1683, 2
MM, 1640, 1676, 2
MM, 1652, 1669, 2
MM, 1667, 1659, 2
MM, 1679, 1652, 2
MM, 1691, 1645, 2
MM, 1705, 1640, 2
MM, 1713, 1636, 2
MM, 1722, 1629, 2
MM, 1733, 1625, 2
MM, 1741, 1621, 2
MM, 1753, 1616, 2
MM, 1764, 1611, 2
MM, 1772, 1607, 2
MM, 1784, 1600, 2
MM, 1792, 1596, 1
MM, 1800, 1592, 2
MM, 1809, 1588, 2
MM, 1817, 1584, 2
MM, 1825, 1580, 2
MM, 1833, 1576, 2
MM, 1842, 1571, 2
MM, 1850, 1567, 2
MM, 1856, 1564, 2
MM, 1864, 1557, 2
MM, 1869, 1556, 2
MM, 1875, 1550, 2
MM, 1881, 1548, 2
MM, 1886, 1544, 2
MM, 1892, 1541, 2
MM, 1897, 1539, 2
MM, 1903, 1535, 2
MM, 1906, 1533, 2
MM, 1912, 1530, 2
MM, 1915, 1526, 2
MM, 1921, 1524, 2
MM, 1925, 1521, 2
MM, 1928, 1519, 2
MM, 1931, 1517, 2
MM, 1935, 1514, 2
MM, 1938, 1512, 2
MM, 1942, 1510, 2
MM, 1945, 1507, 2
MM, 1947, 1505, 2
MM, 1948, 1504, 2
MM, 1951, 1502, 2
MM, 1953, 1501, 2
MM, 1954, 1499, 2
MM, 1956, 1498, 2
MM, 1957, 1498, 2
MM, 1958, 1497, 4
MM, 1960, 1495, 2
MM, 1961, 1494, 2
MM, 1963, 1492, 4
MM, 1964, 1492, 54
MM, 1965, 1491, 10
MM, 1967, 1489, 2
MM, 1968, 1489, 2
MM, 1970, 1488, 2
MM, 1970, 1487, 2
MM, 1971, 1485, 2
MM, 1973, 1484, 2
MM, 1974, 1482, 2
MM, 1975, 1481, 2
MM, 1977, 1479, 2
MM, 1978, 1476, 4
MM, 1980, 1475, 2
MM, 1981, 1473, 2
MM, 1983, 1472, 2
MM, 1984, 1471, 2
MM, 1986, 1467, 4
MM, 1987, 1466, 2
MM, 1989, 1465, 2
MM, 1990, 1463, 4
MM, 1991, 1462, 2
MM, 1991, 1460, 4
MM, 1993, 1459, 4
MM, 1993, 1458, 2
MM, 1993, 1456, 6
MM, 1994, 1456, 2
MM, 1996, 1455, 2
MM, 1997, 1453, 4
MM, 1998, 1452, 2
MM, 2000, 1452, 2
MM, 2000, 1450, 2
MM, 2001, 1449, 2
MM, 2003, 1448, 2
MM, 2004, 1448, 2
MM, 2006, 1446, 2
MM, 2007, 1445, 2
MM, 2010, 1443, 2
MM, 2012, 1442, 2
MM, 2015, 1440, 2
MM, 2016, 1439, 2
MM, 2018, 1437, 3
MM, 2021, 1436, 1
MM, 2022, 1434, 3
MM, 2025, 1431, 1
MM, 2029, 1429, 2
MM, 2032, 1429, 2
MM, 2035, 1428, 2
MM, 2039, 1426, 2
MM, 2042, 1424, 2
MM, 2044, 1423, 2
MM, 2047, 1420, 2
MM, 2050, 1418, 3
MM, 2054, 1416, 1
MM, 2055, 1413, 2
MM, 2059, 1411, 2
MM, 2062, 1409, 2
MM, 2066, 1406, 2
MM, 2067, 1404, 2
MM, 2069, 1403, 2
MM, 2070, 1400, 2
MM, 2074, 1396, 2
MM, 2075, 1395, 2
MM, 2077, 1394, 2
MM, 2078, 1392, 2
MM, 2079, 1391, 3
MM, 2081, 1389, 1
MM, 2082, 1388, 2
MM, 2084, 1385, 3
MM, 2085, 1383, 2
MM, 2087, 1382, 1
MM, 2088, 1379, 3
MM, 2090, 1377, 2
MM, 2091, 1376, 2
MM, 2093, 1373, 2
MM, 2096, 1369, 4
MM, 2098, 1368, 2
MM, 2099, 1366, 2
MM, 2101, 1363, 2
MM, 2102, 1362, 2
MM, 2104, 1359, 2
MM, 2105, 1355, 2
MM, 2105, 1352, 2
MM, 2107, 1349, 2
MM, 2108, 1347, 2
MM, 2110, 1344, 2
MM, 2112, 1341, 2
MM, 2113, 1337, 2
MM, 2115, 1336, 2
MM, 2116, 1334, 2
MM, 2118, 1331, 2
MM, 2119, 1330, 2
MM, 2119, 1327, 2
MM, 2121, 1323, 2
MM, 2123, 1320, 4
MM, 2124, 1319, 2
MM, 2126, 1315, 2
MM, 2127, 1314, 2
MM, 2128, 1313, 2
MM, 2130, 1311, 2
MM, 2130, 1308, 2
MM, 2131, 1307, 2
MM, 2133, 1305, 2
MM, 2133, 1304, 2
MM, 2134, 1302, 2
MM, 2136, 1301, 4
MM, 2136, 1300, 1
MM, 2137, 1296, 2
MM, 2139, 1295, 4
MM, 2140, 1294, 2
MM, 2140, 1292, 3
MM, 2141, 1292, 1
MM, 2141, 1291, 2
MM, 2141, 1289, 2
MM, 2143, 1289, 7
MM, 2143, 1288, 5
MM, 2144, 1288, 2
MM, 2144, 1287, 12
MM, 2144, 1285, 10
MM, 2144, 1284, 39
MM, 2144, 1282, 1
MM, 2144, 1281, 10
MM, 2144, 1279, 4
MM, 2144, 1278, 5
MM, 2144, 1277, 3
MM, 2146, 1275, 4
MM, 2146, 1274, 4
MM, 2146, 1272, 3
MM, 2146, 1271, 2
MM, 2146, 1269, 11
MM, 2146, 1268, 2
MM, 2146, 1267, 10
MM, 2146, 1265, 39
MM, 2147, 1264, 6
MM, 2147, 1262, 1
MM, 2147, 1261, 3
MM, 2147, 1260, 2
MM, 2147, 1258, 2
MM, 2147, 1257, 4
MM, 2149, 1255, 3
MM, 2150, 1254, 1
MM, 2150, 1252, 2
MM, 2150, 1251, 2
MM, 2151, 1250, 2
MM, 2151, 1248, 3
MM, 2151, 1245, 1
MM, 2153, 1242, 3
MM, 2154, 1240, 1
MM, 2154, 1239, 2
MM, 2156, 1237, 3
MM, 2156, 1236, 2
MM, 2156, 1235, 1
MM, 2156, 1233, 2
MM, 2157, 1232, 2
MM, 2157, 1230, 2
MM, 2159, 1229, 2
MM, 2160, 1227, 2
MM, 2160, 1226, 2
MM, 2160, 1225, 2
MM, 2162, 1223, 8
MP, 1, 153
MR, 1, 103
MC, 1, 0
MM, 2162, 1224, 97
MM, 2162, 1225, 11
MM, 2162, 1226, 2
MM, 2162, 1228, 2
MM, 2161, 1229, 2
MM, 2160, 1231, 2
MM, 2160, 1232, 4
MM, 2158, 1234, 2
MM, 2158, 1235, 4
MM, 2157, 1236, 2
MM, 2155, 1238, 2
MM, 2155, 1239, 2
MM, 2155, 1241, 2
MM, 2155, 1242, 4
MM, 2155, 1244, 2
MM, 2155, 1245, 1
MM, 2155, 1246, 2
MM, 2154, 1248, 3
MM, 2153, 1248, 4
MM, 2153, 1249, 1
MM, 2153, 1251, 3
MM, 2151, 1252, 1
MM, 2151, 1253, 4
MM, 2151, 1255, 2
MM, 2150, 1256, 2
MM, 2148, 1258, 6
MM, 2148, 1259, 2
MM, 2148, 1261, 2
MM, 2147, 1262, 2
MM, 2147, 1263, 5
MM, 2147, 1265, 4
MM, 2147, 1266, 2
MM, 2147, 1268, 8
MM, 2146, 1268, 2
MM, 2144, 1269, 12
MP, 1, 116
MR, 1, 100
MC, 2, 0
MM, 2143, 1269, 94
MM, 2141, 1269, 2
MM, 2140, 1271, 4
MM, 2138, 1271, 2
MM, 2137, 1272, 2
MM, 2134, 1274, 3
MM, 2130, 1275, 2
MM, 2127, 1277, 2
MM, 2122, 1279, 2
MM, 2110, 1286, 4
MM, 2102, 1290, 3
MM, 2083, 1299, 3
MM, 2075, 1303, 3
MM, 2052, 1315, 3
MM, 2043, 1319, 2
MM, 2032, 1323, 2
MM, 2020, 1330, 2
MM, 2005, 1340, 3
MM, 1994, 1347, 2
MM, 1982, 1354, 2
MM, 1970, 1361, 2
MM, 1958, 1371, 2
MM, 1947, 1378, 1
MM, 1935, 1388, 2
MM, 1923, 1395, 2
MM, 1911, 1404, 1
MM, 1901, 1416, 2
MM, 1892, 1425, 2
MM, 1883, 1434, 2
MM, 1874, 1443, 2
MM, 1865, 1452, 2
MM, 1859, 1461, 2
MM, 1849, 1473, 2
MM, 1842, 1482, 2
MM, 1835, 1493, 2
MM, 1826, 1502, 2
MM, 1820, 1511, 2
MM, 1813, 1520, 2
MM, 1800, 1540, 4
MM, 1790, 1552, 2
MM, 1783, 1567, 2
MM, 1773, 1579, 4
MM, 1756, 1606, 2
MM, 1747, 1618, 3
MM, 1732, 1647, 3
MM, 1722, 1659, 3
MM, 1712, 1674, 2
MM, 1702, 1689, 1
MM, 1692, 1704, 3
MM, 1682, 1719, 2
MM, 1659, 1753, 4
MM, 1649, 1768, 1
MM, 1636, 1786, 2
MM, 1622, 1808, 2
MM, 1612, 1826, 2
MM, 1599, 1841, 2
MM, 1589, 1859, 2
MM, 1576, 1878, 2
MM, 1566, 1896, 3
MM, 1552, 1917, 2
MM, 1539, 1936, 2
MM, 1526, 1954, 1
MM, 1513, 1972, 2
MM, 1500, 1991, 4
MM, 1489, 2012, 2
MM, 1465, 2055, 3
MM, 1452, 2076, 2
MM, 1441, 2094, 3
MM, 1428, 2116, 2
MM, 1404, 2152, 3
MM, 1373, 2177, 5
MM, 1363, 2174, 2
MM, 1353, 2177, 1
MM, 1343, 2174, 2
MM, 1333, 2174, 2
MM, 1323, 2174, 3
MM, 1313, 2174, 2
MM, 1303, 2174, 3
MM, 1293, 2174, 2
MM, 1273, 2189, 2
MM, 1262, 2174, 2
MM, 1255, 2171, 2
MM, 1248, 2171, 2
MM, 1239, 2171, 2
MM, 1231, 2173, 3
MM, 1222, 2171, 2
MM, 1215, 2171, 1
MM, 1208, 2171, 2
MM, 1198, 2171, 2
MM, 1191, 2170, 2
MM, 1185, 2168, 2
MM, 1178, 2168, 2
MM, 1172, 2168, 2
MM, 1168, 2167, 2
MM, 1164, 2164, 2
MM, 1160, 2165, 2
MM, 1156, 2165, 2
MM, 1153, 2162, 2
MM, 1151, 2163, 2
MM, 1149, 2162, 2
MM, 1148, 2160, 2
MM, 1147, 2161, 2
MM, 1145, 2160, 2
MM, 1144, 2161, 2
MM, 1142, 2160, 2
MM, 1141, 2159, 4
MM, 1141, 2159, 179
MM, 1139, 2157, 2
MM, 1139, 2156, 6
MM, 1139, 2154, 2
MM, 1138, 2154, 8
MM, 1137, 2153, 2
MM, 1137, 2152, 2
MM, 1135, 2148, 6
MM, 1134, 2147, 4
MM, 1134, 2146, 2
MM, 1132, 2144, 2
MM, 1131, 2141, 4
MM, 1131, 2140, 4
MM, 1129, 2136, 4
MM, 1128, 2135, 2
MM, 1128, 2134, 2
MM, 1126, 2134, 2
MM, 1126, 2132, 4
MM, 1126, 2131, 2
MM, 1125, 2131, 1
MM, 1125, 2129, 2
MM, 1123, 2129, 5
MM, 1122, 2129, 3
MM, 1122, 2128, 2
MM, 1121, 2128, 6
MM, 1121, 2127, 4
MM, 1119, 2127, 6
MM, 1118, 2127, 14
MM, 1116, 2127, 4
MM, 1115, 2127, 2
MM, 1113, 2127, 8
MM, 1112, 2127, 2
MM, 1111, 2127, 4
MM, 1109, 2127, 8
MM, 1108, 2127, 2
MM, 1106, 2127, 2
MM, 1105, 2127, 2
MM, 1103, 2127, 2
MM, 1102, 2127, 6
MM, 1101, 2127, 2
MM, 1099, 2127, 2
MM, 1098, 2127, 2
MM, 1095, 2127, 4
MM, 1093, 2129, 2
MM, 1092, 2129, 2
MM, 1090, 2129, 2
MM, 1089, 2129, 2
MM, 1086, 2129, 2
MM, 1085, 2130, 2
MM, 1083, 2131, 2
MM, 1080, 2131, 2
MM, 1079, 2131, 2
MM, 1077, 2131, 2
MM, 1074, 2131, 2
MM, 1071, 2131, 2
MM, 1068, 2133, 4
MM, 1064, 2133, 6
MM, 1063, 2134, 4
MM, 1062, 2134, 2
MM, 1060, 2136, 4
MM, 1059, 2136, 6
MM, 1057, 2136, 24
MM, 1056, 2136, 20
MM, 1054, 2136, 8
MM, 1053, 2136, 4
MM, 1052, 2136, 2
MM, 1050, 2136, 2
MM, 1049, 2136, 6
MM, 1046, 2136, 2
MM, 1044, 2137, 2
MM, 1041, 2137, 5
MM, 1040, 2137, 1
MM, 1037, 2137, 2
MM, 1034, 2137, 2
MM, 1030, 2137, 2
MM, 1029, 2137, 2
MM, 1026, 2137, 2
MM, 1025, 2137, 2
MM, 1022, 2137, 2
MM, 1018, 2137, 2
MM, 1015, 2137, 2
MM, 1012, 2137, 2
MM, 1009, 2137, 3
MM, 1007, 2137, 1
MM, 1004, 2137, 2
MM, 1003, 2137, 2
MM, 1000, 2137, 2
MM, 997, 2137, 3
MM, 993, 2137, 2
MM, 992, 2137, 1
MM, 991, 2137, 2
MM, 987, 2139, 3
MM, 984, 2139, 1
MM, 983, 2139, 2
MM, 980, 2139, 6
MM, 977, 2139, 4
MM, 973, 2139, 3
MM, 972, 2139, 2
MM, 969, 2139, 1
MM, 968, 2139, 3
MM, 965, 2139, 4
MM, 961, 2139, 4
MM, 958, 2139, 2
MM, 957, 2139, 2
MM, 954, 2139, 2
MM, 952, 2139, 2
MM, 951, 2139, 2
MM, 948, 2139, 2
MM, 946, 2139, 2
MM, 945, 2139, 2
MM, 944, 2139, 4
MM, 941, 2139, 2
MM, 939, 2139, 2
MM, 938, 2139, 4
MM, 935, 2139, 2
MM, 933, 2139, 2
MM, 932, 2139, 6
MM, 930, 2139, 10
MM, 929, 2139, 197
MM, 928, 2140, 16
MM, 926, 2140, 3
MM, 925, 2140, 5
MM, 923, 2140, 2
MM, 922, 2140, 8
MM, 920, 2140, 2
MM, 919, 2140, 4
MM, 918, 2140, 8
MM, 916, 2140, 6
MM, 915, 2140, 6
MM, 913, 2140, 10
MP, 1, 186
MR, 1, 102
MC, 1, 0
MM, 914, 2138, 215
MM, 915, 2137, 2
MM, 917, 2136, 2
MM, 918, 2134, 4
MM, 919, 2133, 2
MM, 921, 2133, 1
MM, 922, 2131, 2
MM, 924, 2130, 2
MM, 927, 2128, 2
MM, 928, 2127, 3
MM, 930, 2126, 1
MM, 931, 2124, 3
MM, 933, 2123, 1
MM, 936, 2121, 2
MM, 939, 2118, 2
MM, 943, 2116, 2
MM, 946, 2114, 2
MM, 950, 2111, 2
MM, 951, 2107, 2
MM, 955, 2104, 2
MM, 958, 2100, 2
MM, 962, 2097, 2
MM, 966, 2093, 2
MM, 969, 2087, 2
MM, 975, 2082, 2
MM, 982, 2072, 4
MM, 988, 2067, 2
MM, 994, 2061, 2
MM, 997, 2057, 2
MM, 1003, 2052, 2
MM, 1007, 2048, 2
MM, 1013, 2042, 2
MM, 1018, 2039, 3
MM, 1024, 2033, 1
MM, 1029, 2029, 2
MM, 1038, 2023, 2
MM, 1046, 2016, 2
MM, 1055, 2012, 2
MM, 1063, 2006, 2
MM, 1075, 1999, 2
MM, 1087, 1992, 3
MM, 1099, 1982, 1
MM, 1111, 1972, 2
MM, 1123, 1963, 2
MM, 1138, 1953, 2
MM, 1153, 1940, 2
MM, 1168, 1927, 2
MM, 1187, 1914, 3
MM, 1205, 1901, 1
MM, 1224, 1885, 2
MM, 1242, 1869, 2
MM, 1258, 1854, 3
MM, 1274, 1835, 1
MM, 1293, 1816, 2
MM, 1311, 1798, 2
MM, 1333, 1778, 2
MM, 1352, 1760, 3
MM, 1374, 1740, 2
MM, 1396, 1718, 1
MM, 1415, 1697, 2
MM, 1434, 1675, 2
MM, 1457, 1650, 2
MM, 1476, 1628, 2
MM, 1498, 1606, 2
MM, 1520, 1580, 2
MM, 1542, 1555, 2
MM, 1559, 1531, 2
MM, 1581, 1505, 2
MM, 1601, 1477, 2
MM, 1621, 1449, 2
MM, 1640, 1421, 2
MM, 1663, 1396, 3
MM, 1682, 1368, 1
MM, 1702, 1340, 2
MM, 1719, 1312, 2
MM, 1738, 1287, 2
MM, 1755, 1259, 3
MM, 1772, 1231, 1
MM, 1788, 1203, 3
MM, 1805, 1175, 2
MM, 1822, 1150, 1
MM, 1838, 1129, 2
MM, 1855, 1101, 2
MM, 1871, 1076, 2
MM, 1885, 1051, 2
MM, 1898, 1030, 2
MM, 1912, 1008, 3
MM, 1928, 987, 2
MM, 1941, 968, 2
MM, 1954, 950, 2
MM, 1964, 935, 1
MM, 1977, 920, 2
MM, 1987, 905, 2
MM, 1997, 889, 2
MM, 2009, 877, 2
MM, 2019, 862, 2
MM, 2029, 850, 2
MM, 2038, 841, 2
MM, 2045, 832, 2
MM, 2054, 823, 2
MM, 2059, 818, 2
MM, 2065, 814, 2
MM, 2071, 808, 2
MM, 2076, 804, 2
MM, 2082, 799, 2
MM, 2088, 795, 2
MM, 2091, 793, 2
MM, 2095, 791, 2
MM, 2098, 790, 2
MM, 2100, 786, 2
MM, 2101, 785, 2
MM, 2103, 783, 2
MM, 2104, 782, 2
MM, 2105, 781, 32
MM, 2107, 781, 12
MM, 2107, 782, 12
MM, 2108, 784, 2
MM, 2110, 784, 4
MM, 2110, 785, 2
MM, 2111, 787, 4
MM, 2111, 788, 2
MM, 2113, 790, 7
MM, 2113, 791, 4
MM, 2114, 792, 2
MM, 2115, 792, 2
MM, 2115, 794, 2
MM, 2115, 795, 2
MM, 2117, 797, 1
MM, 2118, 798, 3
MM, 2118, 801, 2
MM, 2120, 803, 4
MM, 2121, 803, 2
MM, 2123, 804, 2
MM, 2123, 805, 2
MM, 2124, 807, 2
MM, 2125, 808, 2
MM, 2127, 810, 2
MM, 2128, 811, 2
MM, 2128, 813, 2
MM, 2130, 813, 2
MM, 2131, 813, 2
MM, 2132, 813, 2
MM, 2134, 814, 2
MM, 2135, 814, 2
MM, 2135, 815, 2
MM, 2137, 817, 2
MM, 2138, 817, 2
MM, 2140, 818, 2
MM, 2143, 818, 2
MM, 2144, 820, 2
MM, 2147, 821, 3
MM, 2149, 821, 1
MM, 2152, 821, 2
MM, 2153, 821, 2
MM, 2156, 821, 2
MM, 2157, 821, 2
MM, 2161, 823, 2
MM, 2162, 824, 2
MM, 2163, 824, 2
MM, 2167, 826, 1
MM, 2170, 826, 2
MM, 2173, 827, 2
MM, 2177, 829, 2
MM, 2180, 831, 2
MM, 2184, 832, 4
MM, 2188, 834, 2
MM, 2191, 836, 2
MM, 2195, 837, 2
MM, 2196, 839, 2
MM, 2199, 840, 2
MM, 2203, 842, 2
MM, 2204, 844, 2
MM, 2206, 845, 2
MM, 2207, 845, 3
MM, 2208, 846, 1
MM, 2211, 848, 2
MM, 2213, 849, 2
MM, 2214, 849, 2
MM, 2216, 851, 2
MM, 2217, 852, 2
MM, 2219, 852, 2
MM, 2220, 854, 4
MM, 2221, 854, 2
MM, 2223, 854, 2
MM, 2224, 854, 2
MM, 2226, 854, 2
MM, 2227, 855, 2
MM, 2230, 855, 2
MM, 2232, 855, 2
MM, 2235, 855, 4
MM, 2236, 855, 2
MM, 2237, 855, 2
MM, 2240, 855, 2
MM, 2246, 855, 4
MM, 2249, 855, 2
MM, 2252, 855, 2
MM, 2258, 855, 2
MM, 2261, 855, 4
MM, 2264, 854, 2
MM, 2266, 853, 2
MM, 2269, 851, 2
MM, 2270, 851, 6
MM, 2272, 851, 2
MM, 2273, 851, 2
MM, 2274, 851, 4
MM, 2276, 851, 32
MM, 2277, 850, 16
MM, 2279, 850, 3
MM, 2280, 850, 7
MM, 2282, 849, 4
MM, 2283, 849, 2
MM, 2284, 849, 4
MM, 2286, 849, 2
MM, 2287, 847, 6
MM, 2289, 847, 2
MM, 2290, 846, 2
MM, 2291, 846, 4
MM, 2293, 846, 2
MM, 2294, 844, 2
MM, 2296, 843, 2
MM, 2297, 843, 2
MM, 2299, 843, 2
MM, 2300, 843, 3
MM, 2301, 843, 3
MM, 2303, 843, 6
MM, 2304, 841, 2
MM, 2306, 841, 37
MM, 2307, 841, 13
MM, 2309, 841, 10
MM, 2310, 841, 2
MM, 2310, 840, 2
MM, 2311, 840, 2
MM, 2313, 840, 2
MM, 2314, 840, 9
MM, 2314, 839, 1
MM, 2316, 839, 2
MM, 2317, 839, 2
MM, 2318, 839, 6
MM, 2320, 839, 2
MM, 2323, 839, 5
MM, 2324, 841, 1
MM, 2328, 842, 5
MM, 2329, 842, 2
MM, 2330, 844, 2
MM, 2332, 844, 2
MM, 2333, 845, 2
MM, 2335, 846, 2
MM, 2336, 848, 1
MM, 2338, 849, 3
MM, 2339, 851, 2
MM, 2340, 851, 2
MM, 2342, 852, 2
MM, 2345, 854, 2
MM, 2346, 855, 2
MM, 2348, 855, 2
MM, 2351, 857, 4
MM, 2352, 858, 2
MM, 2354, 858, 2
MM, 2355, 858, 2
MM, 2355, 859, 4
MM, 2357, 859, 4
MM, 2357, 861, 2
MP, 1, 100
MR, 1, 104
MC, 1, 0
MM, 2356, 861, 57
MM, 2355, 861, 6
MM, 2353, 862, 2
MM, 2352, 862, 6
MM, 2350, 862, 4
MM, 2349, 864, 2
MM, 2349, 867, 4
MM, 2348, 868, 2
MM, 2346, 868, 2
MM, 2345, 870, 2
MM, 2343, 871, 2
MM, 2342, 872, 2
MM, 2341, 874, 3
MM, 2339, 875, 2
MM, 2336, 879, 2
MM, 2332, 882, 2
MM, 2331, 885, 2
MM, 2327, 889, 2
MM, 2321, 895, 2
MM, 2320, 900, 3
MM, 2314, 904, 2
MM, 2310, 910, 1
MM, 2306, 915, 2
MM, 2302, 923, 2
MM, 2297, 929, 2
MM, 2288, 938, 2
MM, 2281, 947, 2
MM, 2275, 955, 2
MM, 2266, 962, 1
MM, 2257, 971, 3
MM, 2247, 983, 2
MM, 2235, 995, 2
MM, 2223, 1005, 2
MM, 2211, 1017, 2
MM, 2198, 1029, 2
MM, 2186, 1042, 2
MM, 2174, 1054, 2
MM, 2161, 1069, 2
MM, 2145, 1085, 2
MM, 2130, 1098, 2
MM, 2115, 1113, 2
MM, 2096, 1129, 2
MM, 2080, 1148, 2
MM, 2062, 1164, 2
MM, 2043, 1180, 2
MM, 2024, 1196, 2
MM, 2006, 1211, 2
MM, 1987, 1230, 1
MM, 1971, 1249, 2
MM, 1952, 1268, 2
MM, 1937, 1283, 2
MM, 1918, 1302, 2
MM, 1902, 1321, 3
MM, 1851, 1377, 5
MM, 1835, 1398, 2
MM, 1819, 1417, 2
MM, 1803, 1438, 2
MM, 1787, 1457, 2
MM, 1771, 1479, 2
MM, 1755, 1497, 2
MM, 1739, 1516, 2
MM, 1726, 1534, 2
MM, 1713, 1553, 2
MM, 1699, 1571, 2
MM, 1686, 1593, 2
MM, 1673, 1614, 3
MM, 1657, 1633, 1
MM, 1643, 1651, 2
MM, 1630, 1669, 2
MM, 1614, 1688, 2
MM, 1601, 1709, 2
MM, 1588, 1728, 2
MM, 1572, 1749, 2
MM, 1558, 1768, 2
MM, 1545, 1786, 2
MM, 1532, 1805, 2
MM, 1519, 1823, 2
MM, 1506, 1841, 2
MM, 1490, 1857, 2
MM, 1478, 1872, 2
MM, 1462, 1885, 2
MM, 1450, 1900, 2
MM, 1437, 1913, 2
MM, 1425, 1925, 2
MM, 1415, 1937, 2
MM, 1406, 1946, 2
MM, 1397, 1955, 3
MM, 1388, 1964, 1
MM, 1380, 1971, 2
MM, 1376, 1976, 2
MM, 1370, 1982, 2
MM, 1366, 1987, 2
MM, 1363, 1991, 2
MM, 1359, 1997, 2
MM, 1357, 2002, 2
MM, 1356, 2006, 2
MM, 1352, 2009, 2
MM, 1350, 2013, 2
MM, 1349, 2016, 2
MM, 1345, 2020, 2
MM, 1343, 2023, 2
MM, 1342, 2026, 2
MM, 1340, 2030, 2
MM, 1338, 2033, 2
MM, 1336, 2037, 2
MM, 1335, 2040, 2
MM, 1333, 2043, 2
MM, 1331, 2047, 2
MM, 1328, 2050, 2
MM, 1326, 2054, 2
MM, 1324, 2057, 3
MM, 1321, 2063, 1
MM, 1319, 2066, 2
MM, 1317, 2070, 2
MM, 1313, 2075, 2
MM, 1310, 2081, 2
MM, 1308, 2084, 2
MM, 1306, 2088, 2
MM, 1305, 2091, 3
MM, 1303, 2095, 2
MM, 1301, 2098, 1
MM, 1297, 2104, 3
MM, 1296, 2107, 2
MM, 1294, 2112, 2
MM, 1292, 2116, 2
MM, 1291, 2119, 2
MM, 1287, 2123, 2
MM, 1285, 2126, 2
MM, 1283, 2132, 2
MM, 1280, 2137, 2
MM, 1278, 2141, 2
MM, 1274, 2144, 2
MM, 1273, 2148, 2
MM, 1269, 2151, 2
MM, 1267, 2155, 2
MM, 1266, 2156, 2
MM, 1264, 2159, 2
MM, 1260, 2162, 6
MM, 1260, 2162, 2
MM, 1258, 2161, 2
MM, 1257, 2160, 4
MM, 1255, 2162, 2
MM, 1254, 2161, 2
MM, 1253, 2160, 2
MM, 1251, 2161, 2
MM, 1250, 2160, 2
MM, 1248, 2159, 2
MM, 1247, 2161, 4
MM, 1245, 2160, 4
MM, 1244, 2160, 4
MM, 1243, 2159, 2
MM, 1241, 2161, 6
MM, 1240, 2159, 4
MM, 1238, 2160, 4
MM, 1237, 2159, 6
MM, 1235, 2159, 4
MM, 1234, 2161, 4
MM, 1233, 2159, 9
MM, 1233, 2160, 2
MM, 1231, 2159, 3
MM, 1230, 2161, 4
MM, 1228, 2160, 10
MM, 1227, 2159, 32
MM, 1225, 2159, 10
MM, 1225, 2160, 5
MM, 1224, 2159, 2
MM, 1223, 2159, 3
MM, 1221, 2161, 6
MM, 1220, 2159, 4
MM, 1218, 2160, 1
MM, 1217, 2159, 3
MM, 1216, 2159, 2
MM, 1214, 2159, 1
MM, 1213, 2159, 2
MM, 1210, 2159, 2
MM, 1208, 2161, 2
MM, 1205, 2159, 3
MM, 1204, 2159, 1
MM, 1202, 2159, 2
MM, 1199, 2159, 2
MM, 1198, 2160, 2
MM, 1197, 2160, 2
MM, 1193, 2159, 2
MM, 1190, 2159, 2
MM, 1187, 2161, 2
MM, 1183, 2161, 2
MM, 1182, 2159, 2
MM, 1179, 2159, 2
MM, 1178, 2160, 2
MM, 1174, 2161, 2
MM, 1171, 2161, 2
MM, 1166, 2160, 2
MM, 1162, 2159, 2
MM, 1157, 2161, 2
MM, 1154, 2159, 2
MM, 1150, 2161, 2
MM, 1145, 2159, 2
MM, 1141, 2161, 2
MM, 1136, 2160, 2
MM, 1130, 2161, 2
MM, 1125, 2159, 2
MM, 1120, 2161, 2
MM, 1116, 2159, 2
MM, 1111, 2161, 2
MM, 1106, 2159, 2
MM, 1100, 2159, 2
MM, 1095, 2161, 2
MM, 1091, 2161, 3
MM, 1086, 2160, 2
MM, 1083, 2159, 2
MM, 1077, 2159, 2
MM, 1074, 2161, 2
MM, 1069, 2159, 2
MM, 1063, 2161, 2
MM, 1060, 2161, 2
MM, 1054, 2159, 2
MM, 1049, 2160, 2
MM, 1045, 2161, 2
MM, 1040, 2159, 2
MM, 1035, 2159, 2
MM, 1029, 2159, 2
MM, 1026, 2159, 2
MM, 1021, 2161, 2
MM, 1015, 2161, 2
MM, 1010, 2161, 2
MM, 1004, 2160, 2
MM, 997, 2159, 2
MM, 991, 2159, 2
MM, 986, 2161, 2
MM, 980, 2161, 2
MM, 975, 2161, 2
MM, 970, 2159, 2
MM, 964, 2159, 2
MM, 959, 2161, 2
MM, 951, 2161, 2
MM, 946, 2159, 2
MM, 938, 2161, 2
MM, 930, 2161, 2
MM, 923, 2160, 2
MM, 914, 2164, 2
MM, 909, 2162, 2
MM, 903, 2161, 2
MM, 898, 2161, 2
MM, 890, 2163, 2
MM, 884, 2161, 2
MM, 881, 2161, 2
MM, 878, 2160, 2
MM, 874, 2161, 2
MM, 871, 2159, 2
MM, 867, 2161, 2
MM, 864, 2160, 2
MM, 863, 2161, 1
MM, 860, 2159, 2
MM, 858, 2159, 2
MM, 857, 2160, 3
MM, 855, 2161, 2
MM, 854, 2159, 3
MM, 853, 2159, 2
MM, 851, 2158, 256
MM, 852, 2157, 5
MM, 852, 2155, 2
MM, 853, 2155, 6
MM, 853, 2154, 4
MM, 854, 2153, 7
MM, 854, 2151, 9
MM, 856, 2151, 8
MM, 856, 2150, 6
MM, 857, 2150, 11
MM, 859, 2150, 7
MM, 860, 2150, 12
MM, 860, 2148, 2
MM, 860, 2147, 135
MM, 861, 2147, 7
MM, 863, 2145, 1
MM, 863, 2144, 4
MM, 864, 2144, 4
MM, 866, 2143, 9
MM, 866, 2141, 4
MM, 867, 2141, 2
MM, 869, 2141, 6
MM, 869, 2140, 2
MM, 870, 2140, 6
MM, 870, 2138, 4
MM, 870, 2138, 143
MM, 868, 2138, 3
MM, 867, 2138, 8
MM, 865, 2138, 5
MM, 862, 2138, 6
MM, 861, 2138, 4
MM, 859, 2138, 4
MM, 858, 2138, 2
MM, 857, 2138, 2
MM, 855, 2138, 2
MM, 854, 2138, 2
MM, 851, 2138, 2
MM, 849, 2138, 2
MM, 848, 2138, 3
MM, 846, 2139, 1
MM, 845, 2140, 2
MM, 842, 2140, 2
MM, 839, 2140, 4
MM, 836, 2140, 2
MM, 834, 2140, 4
MM, 831, 2140, 2
MM, 830, 2140, 2
MM, 828, 2140, 2
MM, 827, 2140, 2
MM, 826, 2140, 2
MM, 824, 2140, 5
MM, 823, 2140, 2
MM, 820, 2140, 1
MM, 818, 2140, 81
MM, 817, 2140, 1
MM, 817, 2138, 48
MR, 1, 304
MM, 817, 2137, 241
MM, 817, 2135, 2
MM, 817, 2134, 2
MM, 817, 2133, 2
MM, 819, 2131, 2
MM, 820, 2130, 2
MM, 822, 2128, 3
MM, 823, 2127, 2
MM, 825, 2125, 2
MM, 826, 2124, 2
MM, 827, 2123, 2
MM, 829, 2121, 2
MM, 830, 2120, 2
MM, 832, 2118, 2
MM, 833, 2117, 2
MM, 835, 2115, 2
MM, 836, 2114, 2
MM, 837, 2113, 2
MM, 839, 2113, 2
MM, 840, 2111, 2
MM, 843, 2110, 2
MM, 845, 2108, 2
MM, 846, 2108, 2
MM, 849, 2107, 4
MM, 851, 2107, 2
MM, 854, 2105, 2
MM, 855, 2104, 2
MM, 857, 2102, 2
MM, 858, 2101, 2
MM, 860, 2099, 2
MM, 861, 2098, 2
MM, 862, 2096, 2
MM, 866, 2095, 2
MM, 867, 2093, 2
MM, 868, 2092, 2
MM, 870, 2091, 2
MM, 871, 2089, 2
MM, 873, 2088, 2
MM, 876, 2086, 2
MM, 879, 2085, 2
MM, 883, 2083, 2
MM, 884, 2081, 2
MM, 887, 2080, 2
MM, 891, 2076, 2
MM, 894, 2075, 2
MM, 900, 2071, 2
MM, 903, 2069, 2
MM, 909, 2067, 2
MM, 912, 2066, 2
MM, 918, 2064, 3
MM, 923, 2060, 1
MM, 929, 2056, 2
MM, 934, 2054, 2
MM, 940, 2051, 2
MM, 946, 2047, 2
MM, 954, 2043, 2
MM, 962, 2039, 2
MM, 970, 2035, 2
MM, 978, 2031, 2
MM, 984, 2027, 2
MM, 992, 2021, 2
MM, 1000, 2017, 2
MM, 1009, 2012, 2
MM, 1017, 2006, 2
MM, 1026, 1999, 3
MM, 1035, 1993, 1
MM, 1043, 1986, 2
MM, 1052, 1980, 2
MM, 1061, 1973, 2
MM, 1066, 1970, 2
MM, 1072, 1966, 2
MM, 1078, 1962, 2
MM, 1083, 1958, 2
MM, 1089, 1957, 2
MM, 1094, 1953, 2
MM, 1098, 1951, 2
MM, 1101, 1949, 2
MM, 1104, 1948, 2
MM, 1106, 1946, 2
MM, 1109, 1945, 4
MM, 1113, 1941, 2
MM, 1116, 1939, 2
MM, 1117, 1939, 2
MM, 1119, 1939, 2
MM, 1120, 1938, 2
MM, 1122, 1937, 2
MM, 1123, 1935, 2
MM, 1125, 1934, 2
MM, 1126, 1934, 2
MM, 1129, 1932, 2
MM, 1131, 1931, 2
MM, 1132, 1931, 2
MM, 1133, 1931, 2
MM, 1136, 1929, 4
MM, 1138, 1928, 2
MM, 1139, 1928, 2
MM, 1141, 1926, 2
MM, 1142, 1926, 2
MM, 1144, 1926, 2
MM, 1147, 1923, 2
MM, 1150, 1921, 2
MM, 1152, 1921, 3
MM, 1155, 1920, 1
MM, 1156, 1918, 2
MM, 1159, 1917, 2
MM, 1163, 1915, 2
MM, 1166, 1912, 2
MM, 1172, 1908, 2
MM, 1180, 1904, 2
MM, 1189, 1895, 2
MM, 1199, 1883, 2
MM, 1211, 1871, 2
MM, 1227, 1852, 2
MM, 1243, 1830, 2
MM, 1259, 1809, 2
MM, 1282, 1783, 2
MM, 1304, 1761, 2
MM, 1327, 1733, 2
MM, 1352, 1707, 2
MM, 1375, 1678, 2
MM, 1403, 1648, 2
MM, 1428, 1622, 2
MM, 1453, 1597, 2
MM, 1483, 1570, 2
MM, 1508, 1548, 2
MM, 1533, 1526, 2
MM, 1558, 1503, 2
MM, 1583, 1484, 2
MM, 1605, 1468, 2
MM, 1630, 1451, 2
MM, 1651, 1438, 2
MM, 1676, 1424, 2
MM, 1697, 1411, 3
MM, 1719, 1397, 2
MM, 1737, 1387, 1
MM, 1755, 1377, 2
MM, 1773, 1369, 2
MM, 1791, 1361, 3
MM, 1809, 1354, 1
MM, 1823, 1349, 2
MM, 1838, 1344, 2
MM, 1855, 1336, 2
MM, 1870, 1332, 3
MM, 1884, 1327, 1
MM, 1896, 1322, 3
MM, 1910, 1317, 2
MM, 1924, 1313, 2
MM, 1936, 1308, 2
MM, 1950, 1303, 2
MM, 1961, 1299, 2
MM, 1973, 1294, 2
MM, 1984, 1290, 2
MM, 1999, 1282, 2
MM, 2007, 1276, 2
MM, 2019, 1269, 2
MM, 2031, 1262, 2
MM, 2042, 1255, 2
MM, 2051, 1248, 2
MM, 2060, 1239, 2
MM, 2069, 1233, 2
MM, 2078, 1226, 2
MM, 2087, 1217, 2
MM, 2095, 1211, 2
MM, 2104, 1204, 2
MM, 2110, 1195, 2
MM, 2117, 1187, 2
MM, 2126, 1180, 2
MM, 2134, 1174, 2
MM, 2140, 1168, 2
MM, 2146, 1162, 2
MM, 2152, 1158, 2
MM, 2160, 1152, 2
MM, 2165, 1149, 2
MM, 2171, 1143, 2
MM, 2177, 1139, 2
MM, 2180, 1135, 2
MM, 2186, 1132, 2
MM, 2191, 1128, 2
MM, 2197, 1124, 2
MM, 2201, 1123, 2
MM, 2204, 1121, 2
MM, 2207, 1119, 2
MM, 2209, 1116, 2
MM, 2212, 1114, 2
MM, 2214, 1114, 6
MM, 2215, 1113, 80
MM, 2217, 1113, 1
MM, 2218, 1111, 3
MM, 2218, 1110, 2
MM, 2220, 1110, 2
MM, 2221, 1108, 6
MM, 2221, 1105, 5
MM, 2221, 1104, 4
MM, 2222, 1102, 2
MM, 2224, 1101, 2
MM, 2224, 1100, 11
MM, 2224, 1098, 4
MM, 2224, 1097, 2
MM, 2224, 1095, 3
MM, 2224, 1094, 2
MM, 2224, 1092, 4
MM, 2224, 1091, 2
MM, 2224, 1090, 8
MM, 2224, 1088, 3
MM, 2224, 1087, 4
MM, 2223, 1085, 6
MM, 2222, 1084, 5
MM, 2221, 1084, 49
MM, 2219, 1084, 7
MM, 2218, 1084, 4
MM, 2216, 1086, 1
MM, 2216, 1087, 6
MM, 2215, 1087, 2
MM, 2213, 1089, 2
MM, 2212, 1089, 4
MM, 2209, 1090, 2
MM, 2207, 1090, 4
MM, 2204, 1092, 2
MM, 2201, 1093, 4
MM, 2200, 1095, 2
MM, 2198, 1096, 2
MM, 2195, 1098, 2
MM, 2192, 1100, 2
MM, 2190, 1101, 3
MM, 2189, 1101, 2
MM, 2187, 1102, 2
MM, 2184, 1102, 2
MM, 2181, 1104, 1
MM, 2179, 1104, 3
MM, 2178, 1106, 2
MM, 2177, 1107, 2
MM, 2175, 1107, 2
MM, 2172, 1109, 2
MM, 2171, 1110, 2
MM, 2169, 1110, 3
MM, 2165, 1113, 3
MM, 2163, 1114, 1
MM, 2160, 1116, 2
MM, 2157, 1116, 2
MM, 2155, 1117, 2
MM, 2154, 1119, 2
MM, 2153, 1120, 2
MM, 2151, 1120, 2
MM, 2148, 1122, 3
MM, 2147, 1123, 3
MM, 2145, 1125, 2
MM, 2144, 1125, 2
MM, 2142, 1126, 2
MM, 2139, 1126, 4
MM, 2138, 1127, 2
MM, 2137, 1129, 2
MM, 2135, 1129, 4
MM, 2134, 1130, 2
MM, 2132, 1130, 2
MM, 2131, 1130, 2
MM, 2129, 1132, 2
MM, 2128, 1132, 3
MM, 2127, 1132, 2
MM, 2125, 1132, 5
MM, 2124, 1133, 2
MM, 2122, 1133, 6
MM, 2121, 1133, 37
MM, 2121, 1133, 2
MM, 2121, 1130, 2
MM, 2121, 1127, 5
MM, 2121, 1125, 2
MM, 2121, 1122, 2
MM, 2121, 1121, 1
MM, 2121, 1119, 3
MM, 2121, 1116, 2
MM, 2121, 1115, 2
MM, 2121, 1112, 1
MM, 2121, 1109, 2
MM, 2121, 1107, 3
MM, 2123, 1104, 2
MM, 2124, 1103, 2
MM, 2126, 1099, 1
MM, 2128, 1096, 2
MM, 2129, 1093, 3
MM, 2131, 1089, 1
MM, 2133, 1086, 2
MM, 2134, 1082, 2
MM, 2134, 1081, 2
MM, 2136, 1078, 2
MM, 2138, 1074, 2
MM, 2139, 1073, 2
MM, 2139, 1072, 2
MM, 2141, 1068, 3
MM, 2144, 1067, 2
MM, 2146, 1063, 2
MM, 2147, 1062, 2
MM, 2149, 1060, 2
MM, 2150, 1057, 2
MM, 2152, 1056, 1
MM, 2153, 1053, 2
MM, 2155, 1051, 3
MM, 2156, 1050, 2
MM, 2158, 1047, 1
MM, 2159, 1045, 2
MM, 2160, 1044, 2
MM, 2164, 1042, 3
MM, 2165, 1041, 1
MM, 2166, 1040, 2
MM, 2168, 1036, 2
MM, 2169, 1035, 2
MM, 2173, 1033, 2
MM, 2174, 1030, 2
MM, 2178, 1026, 4
MM, 2181, 1023, 2
MM, 2183, 1020, 2
MM, 2185, 1016, 2
MM, 2188, 1013, 2
MM, 2192, 1009, 2
MM, 2194, 1006, 2
MM, 2197, 1002, 2
MM, 2201, 998, 2
MM, 2202, 997, 2
MM, 2205, 994, 2
MM, 2209, 990, 2
MM, 2212, 989, 2
MM, 2216, 987, 2
MM, 2219, 983, 2
MM, 2223, 980, 2
MM, 2226, 978, 2
MM, 2230, 974, 2
MM, 2235, 973, 2
MM, 2239, 969, 2
MM, 2244, 965, 2
MM, 2248, 960, 2
MM, 2254, 956, 2
MM, 2257, 952, 2
MM, 2263, 949, 2
MM, 2267, 945, 2
MM, 2272, 941, 3
MM, 2278, 938, 1
MM, 2283, 934, 2
MM, 2287, 930, 2
MM, 2293, 927, 2
MM, 2296, 923, 2
MM, 2300, 921, 2
MM, 2303, 918, 2
MM, 2306, 916, 2
MM, 2310, 913, 2
MM, 2313, 911, 2
MM, 2317, 909, 2
MM, 2318, 908, 2
MM, 2321, 906, 2
MM, 2325, 904, 2
MM, 2326, 903, 2
MM, 2329, 901, 2
MM, 2331, 900, 3
MM, 2332, 899, 1
MM, 2335, 897, 2
MM, 2337, 896, 2
MM, 2338, 894, 2
MM, 2340, 893, 4
MM, 2341, 891, 3
MM, 2342, 890, 1
MM, 2344, 887, 2
MM, 2345, 885, 2
MM, 2347, 884, 2
MM, 2348, 881, 4
MM, 2350, 877, 2
MM, 2352, 876, 3
MM, 2353, 875, 2
MM, 2353, 873, 2
MM, 2353, 872, 2
MM, 2354, 870, 1
MM, 2354, 869, 2
MM, 2356, 869, 3
MM, 2357, 869, 141
MM, 2359, 867, 2
MM, 2359, 866, 4
MM, 2359, 865, 2
MM, 2359, 863, 4
MM, 2360, 863, 2
MM, 2360, 862, 2
MM, 2362, 862, 2
MM, 2363, 860, 2
MM, 2363, 859, 2
MM, 2363, 857, 4
MM, 2363, 856, 12
MM, 2363, 855, 6
MM, 2364, 855, 2
MM, 2364, 853, 6
MM, 2364, 854, 110
MM, 2364, 855, 9
MM, 2364, 856, 14
MM, 2363, 858, 10
MM, 2363, 859, 7
MM, 2363, 861, 12
MP, 1, 111
MR, 1, 102
MC, 1, 0
