********************************************************************************
LOGGING TIME: 20201010_180325
CLIENT IP: 192.168.1.6
USERNAME: Daiveek Sai P
OS: Windows 10
ARCHITECTURE: amd64
VERSION: 10.0
RESOLUTION: 1536.0 864.0
********************************************************************************
MM, 2923, 813, 1602022820479
MM, 2929, 810, 8
MM, 2933, 810, 1
MM, 2937, 808, 2
MM, 2940, 806, 2
MM, 2944, 805, 2
MM, 2949, 803, 2
MM, 2957, 801, 2
MM, 2999, 789, 11
MM, 3010, 784, 1
MM, 3018, 780, 2
MM, 3029, 778, 2
MM, 3040, 776, 2
MM, 3048, 772, 2
MM, 3057, 767, 2
MM, 3064, 766, 2
MM, 3073, 761, 2
MM, 3080, 759, 2
MM, 3089, 755, 2
MM, 3094, 753, 2
MM, 3100, 750, 2
MM, 3105, 746, 2
MM, 3113, 744, 2
MM, 3118, 742, 2
MM, 3124, 742, 2
MM, 3129, 740, 2
MM, 3133, 739, 2
MM, 3136, 737, 2
MM, 3142, 735, 2
MM, 3145, 735, 2
MM, 3150, 733, 2
MM, 3154, 732, 2
MM, 3157, 730, 2
MM, 3163, 730, 2
MM, 3168, 728, 2
MM, 3171, 728, 2
MM, 3177, 728, 2
MM, 3182, 728, 2
MM, 3185, 728, 2
MM, 3190, 728, 2
MM, 3196, 726, 2
MM, 3199, 726, 2
MM, 3202, 726, 2
MM, 3206, 726, 2
MM, 3209, 726, 2
MM, 3212, 726, 2
MM, 3215, 726, 2
MM, 3217, 726, 2
MM, 3218, 726, 2
MM, 3219, 726, 4
MM, 3221, 726, 2
MM, 3222, 726, 2
MM, 3224, 726, 2
MM, 3225, 726, 2
MM, 3228, 727, 4
MM, 3230, 728, 4
MM, 3233, 730, 2
MM, 3234, 731, 2
MM, 3236, 733, 2
MM, 3237, 733, 2
MM, 3240, 734, 2
MM, 3242, 736, 2
MM, 3243, 737, 2
MM, 3246, 739, 2
MM, 3248, 740, 2
MM, 3249, 742, 2
MM, 3252, 745, 2
MM, 3256, 746, 2
MM, 3259, 750, 2
MM, 3263, 752, 2
MM, 3266, 755, 2
MM, 3270, 759, 2
MM, 3271, 762, 2
MM, 3275, 764, 2
MM, 3279, 770, 2
MM, 3282, 771, 2
MM, 3286, 775, 2
MM, 3289, 778, 2
MM, 3291, 782, 2
MM, 3293, 787, 2
MM, 3296, 791, 2
MM, 3300, 793, 2
MM, 3301, 796, 2
MM, 3303, 799, 2
MM, 3307, 803, 2
MM, 3308, 806, 2
MM, 3310, 810, 2
MM, 3312, 813, 2
MM, 3313, 817, 2
MM, 3315, 820, 2
MM, 3319, 822, 2
MM, 3320, 825, 2
MM, 3322, 829, 2
MM, 3324, 832, 2
MM, 3324, 835, 2
MM, 3325, 837, 2
MM, 3326, 838, 2
MM, 3328, 839, 2
MM, 3328, 842, 3
MM, 3328, 844, 1
MM, 3329, 845, 2
MM, 3329, 847, 2
MM, 3329, 848, 2
MM, 3329, 850, 2
MM, 3329, 851, 2
MM, 3331, 851, 31514
MM, 3332, 851, 2
MM, 3334, 851, 2
MM, 3338, 850, 4
MM, 3342, 847, 2
MM, 3345, 845, 2
MM, 3347, 844, 2
MM, 3350, 842, 2
MM, 3353, 840, 2
MM, 3359, 837, 2
MM, 3364, 833, 2
MM, 3370, 829, 2
MM, 3376, 825, 2
MM, 3384, 822, 2
MM, 3392, 815, 2
MM, 3401, 808, 2
MM, 3406, 805, 2
MM, 3417, 796, 2
MM, 3426, 789, 2
MM, 3435, 783, 3
MM, 3444, 774, 1
MM, 3456, 762, 2
MM, 3468, 749, 2
MM, 3478, 737, 2
MM, 3487, 728, 2
MM, 3499, 716, 2
MM, 3509, 701, 2
MM, 3531, 677, 5
MM, 3544, 664, 2
MM, 3551, 653, 1
MM, 3560, 641, 2
MM, 3570, 629, 2
MM, 3579, 617, 2
MM, 3586, 605, 2
MM, 3595, 596, 2
MM, 3605, 584, 2
MM, 3615, 572, 2
MM, 3622, 560, 2
MM, 3631, 551, 2
MM, 3637, 542, 2
MM, 3644, 534, 2
MM, 3653, 525, 2
MM, 3662, 516, 2
MM, 3669, 504, 2
MM, 3675, 495, 2
MM, 3684, 486, 2
MM, 3693, 480, 2
MM, 3700, 471, 2
MM, 3708, 465, 2
MM, 3712, 459, 2
MM, 3718, 451, 2
MM, 3731, 433, 5
MM, 3737, 428, 1
MM, 3746, 419, 2
MM, 3752, 413, 2
MM, 3758, 407, 2
MM, 3763, 401, 2
MM, 3769, 395, 2
MM, 3775, 390, 2
MM, 3779, 386, 3
MM, 3784, 380, 1
MM, 3788, 375, 2
MM, 3792, 371, 2
MM, 3797, 365, 2
MM, 3803, 362, 2
MM, 3807, 358, 2
MM, 3810, 355, 2
MM, 3814, 351, 3
MM, 3817, 349, 1
MM, 3821, 346, 2
MM, 3824, 344, 2
MM, 3828, 340, 2
MM, 3831, 339, 2
MM, 3832, 337, 2
MM, 3835, 334, 5
MM, 3837, 333, 1
MM, 3838, 332, 2
MM, 3840, 330, 2
MM, 3840, 330, 6
MM, 3840, 330, 10
MM, 3841, 331, 46
MM, 3839, 332, 2
MM, 3839, 335, 2
MM, 3838, 336, 2
MM, 3837, 340, 2
MM, 3835, 345, 3
MM, 3833, 351, 2
MM, 3831, 356, 1
MM, 3831, 361, 3
MM, 3827, 369, 2
MM, 3825, 377, 1
MM, 3821, 385, 2
MM, 3819, 396, 2
MM, 3815, 404, 3
MM, 3810, 416, 1
MM, 3806, 427, 2
MM, 3794, 450, 4
MM, 3790, 461, 2
MM, 3783, 473, 2
MM, 3776, 485, 2
MM, 3769, 496, 2
MM, 3762, 505, 2
MM, 3756, 514, 2
MM, 3749, 522, 2
MM, 3743, 531, 2
MM, 3736, 540, 2
MM, 3730, 549, 2
MM, 3721, 555, 2
MM, 3712, 564, 2
MM, 3703, 571, 2
MM, 3695, 577, 2
MM, 3683, 584, 2
MM, 3674, 591, 3
MM, 3663, 598, 1
MM, 3648, 605, 2
MM, 3636, 612, 2
MM, 3628, 619, 2
MM, 3616, 626, 2
MM, 3605, 630, 2
MM, 3590, 637, 2
MM, 3563, 652, 5
MM, 3549, 659, 1
MM, 3534, 667, 2
MM, 3519, 674, 2
MM, 3507, 681, 2
MM, 3493, 688, 2
MM, 3478, 696, 2
MM, 3464, 701, 2
MM, 3452, 708, 2
MM, 3437, 715, 2
MM, 3422, 722, 2
MM, 3408, 730, 2
MM, 3390, 735, 2
MM, 3375, 742, 2
MM, 3361, 747, 2
MM, 3346, 752, 2
MM, 3332, 756, 2
MM, 3317, 764, 2
MM, 3303, 769, 2
MM, 3285, 776, 2
MM, 3270, 784, 2
MM, 3256, 788, 2
MM, 3238, 796, 2
MM, 3220, 801, 2
MM, 3206, 806, 2
MM, 3189, 811, 2
MM, 3171, 816, 2
MM, 3153, 824, 2
MM, 3139, 828, 2
MM, 3121, 833, 2
MM, 3107, 838, 2
MM, 3089, 843, 2
MM, 3072, 846, 2
MM, 3054, 853, 2
MM, 3037, 858, 2
MM, 3019, 863, 2
MM, 3001, 871, 2
MM, 2986, 878, 2
MM, 2969, 886, 2
MM, 2954, 891, 2
MM, 2936, 899, 2
MM, 2919, 904, 2
MM, 2904, 911, 2
MM, 2886, 919, 2
MM, 2871, 926, 2
MM, 2857, 933, 2
MM, 2845, 940, 2
MM, 2833, 947, 2
MM, 2818, 955, 2
MM, 2806, 964, 2
MM, 2795, 971, 2
MM, 2783, 978, 2
MM, 2771, 985, 2
MM, 2760, 990, 2
MM, 2752, 994, 2
MM, 2746, 998, 2
MM, 2741, 1001, 2
MM, 2735, 1005, 2
MM, 2729, 1009, 2
MM, 2726, 1011, 2
MM, 2723, 1012, 2
MM, 2719, 1014, 2
MM, 2718, 1016, 2
MM, 2716, 1016, 2
MM, 2715, 1017, 2
MM, 2714, 1017, 4
MM, 2714, 1018, 12
MM, 2712, 1018, 30
MM, 2711, 1020, 4
MM, 2709, 1020, 2
MM, 2708, 1020, 8
MM, 2708, 1021, 2
MM, 2706, 1021, 2
MM, 2706, 1023, 2
MM, 2705, 1023, 2
MM, 2704, 1024, 4
MM, 2704, 1025, 4
MM, 2702, 1027, 2
MM, 2701, 1028, 2
MM, 2699, 1030, 2
MM, 2696, 1031, 5
MM, 2695, 1033, 1
MM, 2692, 1036, 2
MM, 2688, 1038, 2
MM, 2685, 1039, 2
MM, 2683, 1041, 2
MM, 2680, 1044, 2
MM, 2677, 1048, 2
MM, 2673, 1051, 2
MM, 2670, 1053, 2
MM, 2664, 1055, 2
MM, 2660, 1058, 2
MM, 2657, 1062, 2
MM, 2651, 1064, 2
MM, 2648, 1067, 2
MM, 2644, 1069, 2
MM, 2641, 1071, 2
MM, 2634, 1076, 4
MM, 2629, 1078, 2
MM, 2625, 1081, 2
MM, 2622, 1083, 2
MM, 2618, 1085, 2
MM, 2615, 1086, 2
MM, 2611, 1088, 2
MM, 2606, 1090, 2
MM, 2602, 1092, 2
MM, 2599, 1093, 2
MM, 2596, 1095, 2
MM, 2590, 1099, 2
MM, 2587, 1100, 2
MM, 2583, 1102, 2
MM, 2580, 1104, 2
MM, 2576, 1106, 2
MM, 2573, 1107, 2
MM, 2567, 1109, 2
MM, 2564, 1111, 2
MM, 2561, 1113, 2
MM, 2555, 1114, 2
MM, 2552, 1116, 2
MM, 2545, 1119, 5
MM, 2541, 1121, 1
MM, 2538, 1123, 2
MM, 2535, 1125, 2
MM, 2531, 1126, 2
MM, 2526, 1128, 2
MM, 2522, 1130, 2
MM, 2519, 1132, 2
MM, 2515, 1133, 2
MM, 2512, 1135, 2
MM, 2509, 1137, 3
MM, 2507, 1137, 1
MM, 2504, 1138, 2
MM, 2501, 1140, 2
MM, 2497, 1142, 2
MM, 2494, 1143, 2
MM, 2490, 1145, 2
MM, 2487, 1145, 2
MM, 2484, 1147, 2
MM, 2480, 1148, 2
MM, 2477, 1148, 2
MM, 2474, 1150, 2
MM, 2468, 1152, 2
MM, 2465, 1154, 3
MM, 2462, 1154, 1
MM, 2456, 1156, 2
MM, 2445, 1159, 4
MM, 2440, 1161, 2
MM, 2434, 1161, 2
MM, 2431, 1163, 2
MM, 2426, 1163, 2
MM, 2418, 1165, 2
MM, 2413, 1165, 2
MM, 2399, 1168, 4
MM, 2394, 1168, 2
MM, 2389, 1170, 2
MM, 2381, 1170, 2
MM, 2374, 1170, 2
MM, 2368, 1172, 2
MM, 2363, 1172, 2
MM, 2357, 1174, 2
MM, 2352, 1174, 2
MM, 2346, 1176, 2
MM, 2341, 1178, 2
MM, 2338, 1178, 4
MM, 2334, 1179, 2
MM, 2331, 1179, 2
MM, 2328, 1179, 2
MM, 2325, 1179, 2
MM, 2323, 1179, 2
MM, 2320, 1181, 2
MM, 2317, 1183, 2
MM, 2315, 1184, 2
MM, 2314, 1184, 2
MM, 2311, 1184, 2
MM, 2310, 1185, 4
MM, 2308, 1185, 2
MM, 2307, 1187, 2
MM, 2304, 1187, 2
MM, 2300, 1189, 2
MM, 2295, 1190, 4
MM, 2291, 1192, 2
MM, 2288, 1192, 2
MM, 2285, 1194, 2
MM, 2281, 1195, 2
MM, 2276, 1197, 2
MM, 2270, 1199, 2
MM, 2267, 1201, 2
MM, 2261, 1203, 2
MM, 2256, 1205, 2
MM, 2250, 1206, 2
MM, 2245, 1208, 2
MM, 2239, 1210, 2
MM, 2234, 1214, 2
MM, 2228, 1216, 2
MM, 2223, 1217, 2
MM, 2217, 1219, 2
MM, 2212, 1221, 2
MM, 2206, 1223, 2
MM, 2201, 1227, 2
MM, 2195, 1228, 2
MM, 2190, 1230, 2
MM, 2184, 1232, 2
MM, 2181, 1234, 2
MM, 2175, 1236, 2
MM, 2172, 1237, 2
MM, 2169, 1239, 2
MM, 2163, 1241, 2
MM, 2160, 1243, 2
MM, 2156, 1244, 2
MM, 2151, 1246, 2
MM, 2148, 1246, 2
MM, 2144, 1246, 2
MM, 2143, 1248, 2
MM, 2140, 1249, 2
MM, 2138, 1249, 2
MM, 2134, 1251, 6
MM, 2129, 1252, 14
MM, 2128, 1252, 2
MM, 2126, 1252, 6
MM, 2125, 1252, 6
MM, 2123, 1254, 2
MM, 2122, 1254, 12
MM, 2121, 1254, 8
MM, 2121, 1255, 123
MM, 2134, 1269, 301
MM, 2135, 1269, 312
MM, 2147, 1259, 312
MM, 2169, 1234, 312
MP, 1, 1
MR, 1, 313
MC, 1, 0
MM, 2198, 1204, 1
MM, 2224, 1151, 102
MM, 2235, 1123, 4
MM, 2250, 1097, 3
MM, 2256, 1086, 3
MM, 2256, 1086, 299
MM, 2256, 1088, 6
MM, 2255, 1091, 10
MM, 2254, 1092, 2
MM, 2254, 1093, 4
MM, 2254, 1095, 4
MM, 2252, 1096, 2
MM, 2252, 1098, 4
MM, 2252, 1099, 9
MM, 2252, 1101, 8
MM, 2251, 1101, 3
MM, 2251, 1102, 2
MM, 2251, 1103, 6
MM, 2251, 1105, 22
MM, 2251, 1106, 16
MM, 2251, 1109, 28
MM, 2251, 1109, 10
MM, 2253, 1109, 16
MM, 2254, 1109, 9
MM, 2256, 1110, 4
MM, 2257, 1110, 7
MM, 2258, 1110, 4
MM, 2260, 1110, 4
MM, 2261, 1110, 5
MM, 2263, 1109, 1
MM, 2264, 1107, 3
MM, 2266, 1104, 1
MM, 2267, 1103, 1
MM, 2282, 1067, 22
MM, 2284, 1061, 1
MM, 2286, 1056, 2
MM, 2290, 1050, 2
MM, 2292, 1045, 2
MM, 2292, 1039, 1
MM, 2294, 1034, 3
MM, 2295, 1028, 2
MM, 2297, 1023, 2
MM, 2299, 1017, 2
MM, 2301, 1012, 2
MM, 2303, 1006, 2
MM, 2305, 1001, 2
MM, 2306, 995, 2
MM, 2308, 990, 1
MM, 2308, 987, 3
MM, 2310, 981, 2
MM, 2312, 976, 1
MM, 2312, 970, 3
MM, 2314, 965, 2
MM, 2315, 959, 2
MM, 2315, 954, 2
MM, 2315, 951, 2
MM, 2315, 948, 2
MM, 2317, 944, 2
MM, 2317, 939, 2
MM, 2319, 935, 2
MM, 2319, 932, 2
MM, 2321, 929, 2
MM, 2321, 926, 2
MM, 2322, 922, 2
MM, 2322, 919, 2
MM, 2322, 918, 2
MM, 2322, 915, 2
MM, 2324, 911, 2
MM, 2325, 910, 2
MM, 2325, 907, 2
MM, 2325, 904, 2
MM, 2327, 902, 2
MM, 2327, 901, 2
MM, 2328, 898, 2
MM, 2330, 895, 4
MM, 2330, 892, 2
MM, 2331, 890, 1
MM, 2333, 889, 2
MM, 2333, 887, 2
MM, 2334, 886, 2
MM, 2334, 885, 2
MM, 2336, 881, 3
MM, 2336, 878, 6
MM, 2337, 877, 2
MM, 2337, 875, 1
MM, 2337, 874, 2
MM, 2339, 874, 3
MM, 2339, 873, 10
MM, 2340, 873, 259
MP, 1, 73
MR, 1, 89
MC, 1, 0
MM, 2340, 874, 181
MM, 2340, 876, 1
MM, 2340, 877, 2
MM, 2340, 880, 2
MM, 2340, 882, 2
MM, 2340, 883, 2
MM, 2342, 886, 2
MM, 2342, 892, 4
MM, 2342, 895, 2
MM, 2342, 898, 2
MM, 2342, 901, 2
MM, 2342, 904, 2
MM, 2342, 908, 2
MM, 2342, 911, 2
MM, 2342, 914, 2
MM, 2342, 915, 2
MM, 2342, 918, 2
MM, 2342, 922, 2
MM, 2342, 925, 2
MM, 2342, 928, 2
MM, 2342, 931, 2
MM, 2342, 934, 2
MM, 2342, 938, 2
MM, 2342, 941, 3
MM, 2342, 944, 1
MM, 2342, 947, 2
MM, 2342, 950, 2
MM, 2342, 954, 2
MM, 2343, 959, 2
MM, 2343, 962, 2
MM, 2343, 968, 2
MM, 2343, 973, 2
MM, 2343, 978, 2
MM, 2343, 984, 2
MM, 2343, 989, 2
MM, 2343, 994, 2
MM, 2343, 1000, 2
MM, 2343, 1005, 2
MM, 2343, 1013, 3
MM, 2345, 1018, 3
MM, 2345, 1023, 2
MM, 2345, 1029, 1
MM, 2345, 1034, 1
MM, 2345, 1041, 2
MM, 2345, 1047, 2
MM, 2345, 1092, 18
MM, 2345, 1097, 1
MM, 2345, 1102, 2
MM, 2345, 1106, 1
MM, 2345, 1109, 2
MM, 2347, 1112, 2
MM, 2347, 1115, 2
MM, 2347, 1119, 2
MM, 2347, 1122, 2
MM, 2349, 1125, 2
MM, 2349, 1128, 4
MM, 2349, 1132, 2
MM, 2349, 1135, 2
MM, 2349, 1136, 2
MM, 2349, 1139, 2
MM, 2349, 1141, 2
MM, 2350, 1142, 2
MM, 2350, 1145, 3
MM, 2350, 1147, 1
MM, 2350, 1150, 2
MM, 2350, 1151, 2
MM, 2351, 1152, 2
MM, 2351, 1155, 2
MM, 2351, 1157, 3
MM, 2353, 1160, 2
MM, 2354, 1161, 2
MM, 2356, 1165, 2
MM, 2356, 1168, 2
MM, 2358, 1171, 2
MM, 2359, 1175, 2
MM, 2361, 1178, 2
MM, 2363, 1181, 2
MM, 2365, 1185, 2
MM, 2365, 1188, 2
MM, 2366, 1191, 2
MM, 2368, 1195, 2
MM, 2370, 1200, 2
MM, 2371, 1204, 2
MM, 2373, 1207, 2
MM, 2373, 1212, 2
MM, 2375, 1216, 2
MM, 2377, 1221, 2
MM, 2378, 1225, 2
MM, 2380, 1228, 2
MM, 2380, 1234, 2
MM, 2382, 1239, 2
MM, 2384, 1242, 2
MM, 2385, 1246, 2
MM, 2387, 1251, 2
MM, 2387, 1257, 2
MM, 2389, 1262, 2
MM, 2391, 1266, 2
MM, 2393, 1271, 2
MM, 2394, 1275, 2
MM, 2394, 1280, 2
MM, 2396, 1285, 2
MM, 2398, 1291, 2
MM, 2400, 1294, 2
MM, 2402, 1300, 2
MM, 2403, 1305, 2
MM, 2405, 1311, 2
MM, 2407, 1316, 2
MM, 2409, 1327, 4
MM, 2411, 1331, 2
MM, 2412, 1334, 2
MM, 2416, 1345, 4
MM, 2416, 1348, 2
MM, 2416, 1353, 2
MM, 2416, 1359, 2
MM, 2418, 1362, 2
MM, 2418, 1365, 2
MM, 2419, 1369, 2
MM, 2419, 1372, 2
MM, 2419, 1375, 2
MM, 2421, 1379, 2
MM, 2421, 1380, 2
MM, 2421, 1381, 2
MM, 2423, 1385, 2
MM, 2423, 1388, 2
MM, 2423, 1391, 4
MM, 2423, 1392, 2
MM, 2424, 1396, 4
MM, 2424, 1399, 4
MM, 2424, 1400, 2
MM, 2426, 1402, 4
MM, 2427, 1403, 2
MM, 2427, 1404, 2
MM, 2427, 1406, 2
MM, 2427, 1407, 2
MM, 2428, 1409, 2
MM, 2428, 1410, 4
MM, 2430, 1410, 2
MM, 2431, 1412, 2
MM, 2433, 1413, 2
MM, 2434, 1414, 2
MM, 2434, 1416, 2
MM, 2434, 1417, 2
MM, 2436, 1419, 2
MM, 2437, 1420, 2
MM, 2438, 1422, 2
MM, 2440, 1423, 2
MM, 2441, 1424, 2
MM, 2443, 1426, 2
MM, 2444, 1427, 2
MM, 2447, 1430, 2
MM, 2451, 1432, 2
MM, 2452, 1434, 2
MM, 2455, 1435, 2
MM, 2457, 1437, 2
MM, 2460, 1438, 2
MM, 2463, 1440, 2
MM, 2465, 1440, 2
MM, 2466, 1441, 2
MM, 2467, 1443, 2
MM, 2469, 1444, 2
MM, 2472, 1446, 2
MM, 2475, 1447, 2
MM, 2477, 1449, 2
MM, 2478, 1450, 2
MM, 2480, 1450, 4
MM, 2481, 1452, 2
MM, 2484, 1452, 2
MM, 2486, 1453, 2
MM, 2487, 1454, 2
MM, 2490, 1456, 2
MM, 2492, 1457, 2
MM, 2493, 1459, 1
MM, 2494, 1459, 2
MM, 2496, 1459, 2
MM, 2497, 1459, 2
MM, 2499, 1460, 2
MM, 2500, 1460, 2
MM, 2502, 1462, 2
MM, 2503, 1463, 2
MM, 2506, 1465, 2
MM, 2507, 1466, 2
MM, 2509, 1468, 2
MM, 2510, 1469, 2
MM, 2513, 1471, 2
MM, 2515, 1472, 2
MM, 2518, 1474, 2
MM, 2519, 1475, 2
MM, 2521, 1476, 2
MM, 2522, 1479, 2
MM, 2524, 1481, 2
MM, 2525, 1482, 2
MM, 2527, 1484, 2
MM, 2528, 1485, 2
MM, 2530, 1487, 4
MM, 2531, 1490, 2
MM, 2533, 1491, 2
MM, 2534, 1493, 2
MM, 2535, 1493, 4
MM, 2535, 1494, 4
MM, 2535, 1495, 2
MM, 2535, 1497, 4
MM, 2537, 1498, 4
MM, 2538, 1498, 22
MM, 2540, 1498, 36
MM, 2541, 1496, 4
MM, 2542, 1496, 4
MM, 2544, 1495, 2
MM, 2545, 1495, 4
MM, 2547, 1494, 2
MM, 2548, 1494, 4
MM, 2550, 1494, 2
MM, 2553, 1492, 2
MM, 2554, 1492, 2
MM, 2556, 1491, 2
MM, 2557, 1491, 2
MM, 2558, 1489, 7
MM, 2560, 1488, 50
MM, 2559, 1488, 10
MM, 2559, 1486, 2
MM, 2558, 1486, 2
MM, 2557, 1485, 4
MM, 2555, 1485, 2
MM, 2554, 1483, 2
MM, 2552, 1482, 2
MM, 2551, 1481, 2
MM, 2549, 1479, 2
MM, 2548, 1478, 2
MM, 2548, 1476, 2
MM, 2546, 1473, 2
MM, 2545, 1470, 2
MM, 2543, 1466, 2
MM, 2541, 1463, 2
MM, 2540, 1462, 2
MM, 2538, 1458, 2
MM, 2537, 1453, 2
MM, 2535, 1450, 2
MM, 2533, 1446, 2
MM, 2531, 1441, 2
MM, 2528, 1437, 2
MM, 2526, 1432, 2
MM, 2524, 1428, 2
MM, 2520, 1423, 2
MM, 2519, 1419, 2
MM, 2515, 1414, 2
MM, 2513, 1408, 2
MM, 2509, 1402, 2
MM, 2508, 1397, 2
MM, 2506, 1389, 2
MM, 2504, 1382, 2
MM, 2500, 1373, 2
MM, 2496, 1365, 2
MM, 2491, 1357, 2
MM, 2489, 1349, 2
MM, 2488, 1341, 2
MM, 2483, 1333, 2
MM, 2479, 1325, 2
MM, 2476, 1319, 2
MM, 2474, 1312, 2
MM, 2469, 1303, 2
MM, 2465, 1295, 2
MM, 2463, 1284, 2
MM, 2459, 1276, 2
MM, 2455, 1268, 2
MM, 2451, 1259, 2
MM, 2447, 1251, 2
MM, 2443, 1243, 2
MM, 2438, 1235, 2
MM, 2437, 1227, 2
MM, 2432, 1219, 2
MM, 2430, 1211, 2
MM, 2426, 1203, 2
MM, 2424, 1195, 2
MM, 2423, 1190, 2
MM, 2419, 1182, 2
MM, 2417, 1176, 3
MM, 2415, 1168, 2
MM, 2411, 1163, 1
MM, 2409, 1155, 2
MM, 2407, 1150, 2
MM, 2404, 1144, 2
MM, 2402, 1139, 2
MM, 2400, 1133, 2
MM, 2398, 1128, 2
MM, 2396, 1122, 2
MM, 2394, 1117, 2
MM, 2394, 1111, 2
MM, 2394, 1106, 2
MM, 2393, 1103, 2
MM, 2391, 1099, 2
MM, 2391, 1096, 2
MM, 2391, 1091, 2
MM, 2391, 1087, 1
MM, 2391, 1082, 2
MM, 2391, 1077, 2
MM, 2389, 1073, 2
MM, 2389, 1068, 2
MM, 2389, 1063, 2
MM, 2389, 1057, 2
MM, 2389, 1052, 2
MM, 2387, 1046, 2
MM, 2387, 1043, 2
MM, 2387, 1038, 2
MM, 2386, 1034, 2
MM, 2384, 1029, 2
MM, 2382, 1026, 2
MM, 2382, 1020, 2
MM, 2382, 1017, 2
MM, 2382, 1014, 2
MM, 2382, 1011, 2
MM, 2381, 1007, 2
MM, 2381, 1004, 2
MM, 2379, 1003, 2
MM, 2378, 1001, 2
MM, 2378, 1000, 2
MM, 2378, 998, 2
MM, 2376, 997, 4
MM, 2375, 995, 2
MM, 2375, 994, 2
MM, 2375, 993, 4
MM, 2373, 991, 2
MM, 2373, 990, 6
MM, 2372, 988, 10
MM, 2372, 987, 6
MM, 2371, 985, 6
MM, 2371, 984, 2
MM, 2371, 983, 2
MM, 2371, 981, 4
MM, 2371, 980, 2
MM, 2369, 978, 2
MM, 2368, 978, 2
MM, 2368, 977, 2
MM, 2368, 976, 2
MM, 2368, 974, 3
MM, 2366, 973, 2
MM, 2365, 971, 1
MM, 2365, 970, 2
MM, 2363, 967, 4
MM, 2363, 965, 6
MM, 2362, 964, 3
MM, 2362, 962, 3
MM, 2362, 961, 2
MM, 2360, 960, 6
MM, 2360, 958, 4
MM, 2360, 957, 5
MM, 2360, 955, 4
MM, 2360, 954, 6
MM, 2360, 952, 2
MM, 2360, 951, 4
MM, 2360, 950, 2
MM, 2360, 948, 2
MM, 2360, 947, 4
MM, 2360, 945, 2
MM, 2360, 944, 2
MM, 2360, 943, 4
MM, 2360, 941, 2
MM, 2360, 940, 6
MM, 2360, 938, 2
MM, 2360, 935, 4
MM, 2360, 934, 2
MM, 2361, 932, 2
MM, 2362, 931, 2
MM, 2362, 930, 2
MM, 2362, 928, 2
MM, 2362, 927, 4
MM, 2364, 924, 2
MM, 2365, 922, 4
MM, 2365, 919, 4
MM, 2367, 918, 4
MM, 2367, 916, 2
MM, 2367, 915, 4
MM, 2367, 913, 4
MM, 2367, 912, 10
MM, 2368, 911, 2
MM, 2370, 909, 4
MM, 2370, 908, 2
MM, 2371, 906, 6
MM, 2371, 905, 2
MM, 2371, 904, 4
MM, 2371, 902, 4
MM, 2372, 901, 2
MM, 2372, 899, 6
MM, 2372, 898, 2
MM, 2372, 896, 2
MM, 2374, 896, 2
MM, 2374, 895, 4
MM, 2374, 894, 4
MM, 2374, 892, 2
MM, 2375, 891, 4
MM, 2375, 889, 6
MM, 2375, 888, 4
MM, 2377, 886, 2
MM, 2377, 885, 6
MM, 2377, 884, 8
MM, 2377, 882, 28
MM, 2377, 881, 51
MM, 2376, 881, 101
MM, 2375, 879, 6
MM, 2373, 879, 2
MM, 2372, 879, 8
MM, 2372, 878, 14
MM, 2371, 878, 32
MP, 1, 92
MR, 1, 204
MC, 1, 0
MP, 1, 20
MR, 1, 70
MC, 2, 0
MP, 1, 111
MR, 1, 77
MC, 3, 0
MP, 1, 154
MR, 1, 98
MC, 4, 0
MP, 1, 121
MR, 1, 105
MC, 5, 0
MM, 2371, 880, 741
MM, 2369, 881, 2
MM, 2368, 883, 2
MM, 2366, 884, 2
MM, 2366, 887, 2
MM, 2365, 890, 6
MM, 2363, 894, 2
MM, 2361, 897, 2
MM, 2359, 901, 3
MM, 2359, 904, 2
MM, 2358, 905, 1
MM, 2357, 908, 2
MM, 2355, 910, 3
MM, 2355, 913, 1
MM, 2353, 916, 3
MM, 2353, 920, 2
MM, 2352, 923, 2
MM, 2350, 924, 1
MM, 2349, 927, 3
MM, 2347, 931, 2
MM, 2347, 934, 2
MM, 2345, 938, 1
MM, 2345, 941, 2
MM, 2344, 944, 3
MM, 2342, 948, 2
MM, 2342, 951, 2
MM, 2340, 952, 2
MM, 2339, 955, 2
MM, 2337, 959, 2
MM, 2335, 962, 2
MM, 2335, 964, 2
MM, 2334, 967, 2
MM, 2332, 970, 2
MM, 2330, 974, 2
MM, 2330, 975, 2
MM, 2329, 978, 2
MM, 2327, 981, 2
MM, 2325, 985, 2
MM, 2324, 988, 2
MM, 2322, 992, 2
MM, 2320, 997, 2
MM, 2319, 1001, 2
MM, 2317, 1004, 2
MM, 2315, 1007, 2
MM, 2313, 1011, 2
MM, 2312, 1014, 2
MM, 2308, 1020, 2
MM, 2306, 1023, 2
MM, 2305, 1027, 2
MM, 2301, 1030, 2
MM, 2299, 1034, 2
MM, 2298, 1037, 2
MM, 2296, 1041, 2
MM, 2294, 1044, 2
MM, 2292, 1047, 2
MM, 2291, 1051, 2
MM, 2289, 1056, 2
MM, 2287, 1060, 2
MM, 2285, 1063, 2
MM, 2284, 1065, 2
MM, 2281, 1068, 2
MM, 2279, 1071, 2
MM, 2277, 1075, 2
MM, 2276, 1078, 2
MM, 2276, 1079, 2
MM, 2274, 1081, 2
MM, 2273, 1084, 2
MM, 2273, 1085, 2
MM, 2271, 1089, 2
MM, 2270, 1090, 2
MM, 2268, 1091, 2
MM, 2267, 1094, 2
MM, 2265, 1096, 2
MM, 2264, 1097, 2
MM, 2263, 1099, 2
MM, 2261, 1102, 2
MM, 2259, 1105, 4
MM, 2259, 1108, 4
MM, 2258, 1110, 2
MM, 2258, 1111, 2
MM, 2256, 1113, 2
MM, 2255, 1114, 2
MM, 2255, 1116, 2
MM, 2255, 1117, 2
MM, 2255, 1118, 2
MM, 2254, 1118, 2
MM, 2254, 1120, 2
MM, 2254, 1121, 6
MM, 2254, 1121, 62
MM, 2255, 1121, 8
MM, 2257, 1121, 9
MM, 2260, 1121, 6
MM, 2261, 1121, 4
MM, 2263, 1121, 4
MM, 2264, 1121, 2
MM, 2266, 1121, 4
MM, 2269, 1121, 2
MM, 2270, 1119, 2
MM, 2273, 1118, 2
MM, 2275, 1118, 2
MM, 2276, 1116, 2
MM, 2279, 1115, 2
MM, 2281, 1113, 2
MM, 2284, 1113, 2
MM, 2285, 1112, 2
MM, 2288, 1110, 2
MM, 2292, 1109, 2
MM, 2295, 1107, 2
MM, 2296, 1106, 2
MM, 2300, 1104, 2
MM, 2301, 1103, 2
MM, 2304, 1101, 2
MM, 2308, 1099, 2
MM, 2309, 1099, 2
MM, 2312, 1098, 2
MM, 2314, 1096, 2
MM, 2315, 1095, 2
MM, 2316, 1095, 2
MM, 2318, 1095, 2
MM, 2321, 1093, 2
MM, 2322, 1092, 2
MM, 2324, 1090, 4
MM, 2325, 1089, 2
MM, 2327, 1089, 2
MM, 2328, 1088, 2
MM, 2329, 1088, 2
MM, 2331, 1086, 2
MM, 2332, 1086, 2
MM, 2334, 1085, 2
MM, 2335, 1085, 2
MM, 2337, 1083, 2
MM, 2338, 1082, 2
MM, 2339, 1082, 2
MM, 2341, 1080, 3
MM, 2342, 1079, 1
MM, 2345, 1077, 2
MM, 2347, 1076, 4
MM, 2348, 1075, 2
MM, 2350, 1075, 2
MM, 2351, 1073, 2
MM, 2354, 1072, 2
MM, 2356, 1072, 2
MM, 2359, 1070, 2
MM, 2360, 1069, 2
MM, 2362, 1067, 2
MM, 2363, 1066, 2
MM, 2366, 1064, 2
MM, 2368, 1064, 3
MM, 2369, 1063, 1
MM, 2372, 1061, 2
MM, 2374, 1060, 2
MM, 2375, 1058, 2
MM, 2376, 1058, 3
MM, 2380, 1057, 2
MM, 2381, 1057, 1
MM, 2384, 1055, 3
MM, 2385, 1054, 2
MM, 2387, 1052, 2
MM, 2388, 1051, 2
MM, 2390, 1050, 2
MM, 2391, 1048, 2
MM, 2393, 1047, 2
MM, 2396, 1045, 4
MM, 2397, 1045, 2
MM, 2399, 1044, 4
MM, 2400, 1042, 6
MM, 2401, 1041, 4
MM, 2403, 1041, 4
MM, 2404, 1040, 2
MM, 2406, 1040, 12
MM, 2407, 1040, 60
MM, 2407, 1038, 6
MM, 2409, 1038, 6
MM, 2409, 1037, 8
MM, 2410, 1037, 6
MM, 2410, 1035, 4
MM, 2411, 1034, 4
MM, 2413, 1032, 4
MM, 2414, 1032, 4
MM, 2416, 1031, 2
MM, 2416, 1030, 2
MM, 2417, 1028, 2
MM, 2418, 1027, 6
MM, 2420, 1025, 2
MM, 2420, 1024, 2
MM, 2420, 1022, 8
MM, 2421, 1022, 2
MM, 2421, 1021, 2
MM, 2421, 1020, 4
MM, 2423, 1020, 2
MM, 2423, 1018, 2
MM, 2424, 1018, 10
MM, 2424, 1017, 2
MM, 2426, 1015, 4
MM, 2426, 1014, 8
MM, 2426, 1012, 6
MM, 2427, 1012, 2
MM, 2427, 1011, 7
MM, 2428, 1011, 6
MM, 2430, 1010, 8
MM, 2430, 1008, 18
MM, 2430, 1007, 10
MM, 2431, 1007, 6
MM, 2431, 1005, 4
MM, 2433, 1004, 4
MM, 2434, 1003, 4
MM, 2436, 1003, 4
MM, 2436, 1001, 2
MM, 2437, 1000, 4
MM, 2437, 998, 4
MM, 2437, 997, 2
MM, 2438, 997, 2
MM, 2440, 995, 2
MM, 2441, 995, 2
MM, 2441, 994, 2
MM, 2443, 993, 6
MM, 2443, 991, 10
MM, 2443, 990, 6
MM, 2444, 988, 25
MM, 2444, 987, 2
MM, 2446, 987, 2
MM, 2447, 987, 2
MM, 2447, 985, 3
MM, 2447, 984, 11
MM, 2448, 984, 2
MM, 2448, 983, 4
MM, 2450, 983, 4
MM, 2450, 981, 2
MM, 2451, 980, 4
MM, 2453, 978, 4
MM, 2453, 977, 8
MM, 2453, 976, 4
MM, 2454, 974, 6
MM, 2455, 973, 2
MM, 2457, 971, 2
MM, 2458, 971, 2
MM, 2458, 970, 4
MM, 2460, 970, 6
MM, 2460, 968, 14
MM, 2461, 967, 26
MM, 2461, 966, 18
MM, 2463, 966, 42
MM, 2462, 966, 143
MM, 2461, 966, 2
MM, 2459, 966, 2
MM, 2458, 968, 2
MM, 2454, 969, 2
MM, 2449, 973, 2
MM, 2445, 977, 2
MM, 2440, 980, 2
MM, 2434, 982, 2
MM, 2428, 986, 2
MM, 2423, 990, 3
MM, 2415, 996, 1
MM, 2409, 1000, 2
MM, 2403, 1005, 2
MM, 2395, 1012, 2
MM, 2386, 1018, 3
MM, 2380, 1022, 2
MM, 2375, 1026, 2
MM, 2366, 1032, 1
MM, 2361, 1036, 2
MM, 2353, 1042, 3
MM, 2347, 1046, 2
MM, 2339, 1050, 1
MM, 2333, 1053, 3
MM, 2325, 1057, 1
MM, 2320, 1063, 3
MM, 2314, 1067, 1
MM, 2306, 1071, 2
MM, 2300, 1075, 3
MM, 2295, 1077, 2
MM, 2289, 1078, 2
MM, 2286, 1082, 2
MM, 2282, 1084, 1
MM, 2277, 1085, 3
MM, 2274, 1087, 2
MM, 2268, 1089, 2
MM, 2265, 1091, 2
MM, 2261, 1092, 2
MM, 2258, 1094, 2
MM, 2254, 1096, 2
MM, 2253, 1097, 2
MM, 2250, 1099, 2
MM, 2246, 1101, 2
MM, 2245, 1101, 2
MM, 2244, 1102, 2
MM, 2242, 1102, 2
MM, 2239, 1103, 2
MM, 2238, 1105, 2
MM, 2236, 1105, 2
MM, 2235, 1105, 2
MM, 2233, 1106, 2
MM, 2232, 1106, 2
MM, 2231, 1106, 2
MM, 2229, 1106, 6
MM, 2228, 1108, 20
MM, 2226, 1108, 16
MM, 2225, 1109, 2
MM, 2225, 1111, 6
MM, 2223, 1111, 2
MM, 2222, 1111, 2
MM, 2221, 1111, 6
MM, 2218, 1113, 6
MM, 2216, 1115, 2
MM, 2215, 1115, 2
MM, 2213, 1115, 4
MM, 2212, 1116, 2
MM, 2211, 1116, 2
MM, 2209, 1118, 2
MM, 2208, 1119, 2
MM, 2206, 1119, 4
MM, 2205, 1119, 2
MM, 2204, 1119, 2
MM, 2202, 1121, 2
MM, 2201, 1121, 2
MM, 2199, 1122, 2
MM, 2198, 1123, 4
MM, 2196, 1125, 2
MM, 2195, 1125, 2
MM, 2194, 1126, 2
MM, 2192, 1128, 2
MM, 2191, 1128, 4
MM, 2189, 1128, 4
MM, 2188, 1129, 2
MM, 2185, 1131, 2
MM, 2183, 1132, 2
MM, 2182, 1132, 2
MM, 2180, 1132, 2
MM, 2177, 1134, 2
MM, 2176, 1135, 4
MM, 2173, 1137, 2
MM, 2170, 1137, 2
MM, 2168, 1137, 2
MM, 2165, 1138, 2
MM, 2162, 1138, 4
MM, 2158, 1140, 3
MM, 2155, 1140, 3
MM, 2154, 1141, 2
MM, 2151, 1141, 1
MM, 2147, 1143, 2
MM, 2144, 1145, 3
MM, 2143, 1145, 2
MM, 2141, 1145, 3
MM, 2138, 1145, 2
MM, 2137, 1145, 3
MM, 2134, 1145, 2
MM, 2132, 1146, 2
MM, 2129, 1148, 4
MM, 2128, 1148, 2
MM, 2126, 1148, 3
MM, 2125, 1148, 1
MM, 2123, 1148, 2
MM, 2122, 1149, 2
MM, 2121, 1149, 2
MM, 2119, 1149, 2
MM, 2118, 1149, 3
MM, 2116, 1149, 2
MM, 2115, 1149, 6
MM, 2113, 1149, 2
MM, 2112, 1149, 2
MM, 2111, 1149, 2
MM, 2109, 1149, 4
MM, 2108, 1149, 2
MM, 2106, 1149, 5
MM, 2105, 1149, 1
MM, 2103, 1149, 2
MM, 2100, 1149, 2
MM, 2097, 1149, 4
MM, 2094, 1149, 2
MM, 2091, 1151, 2
MM, 2087, 1151, 2
MM, 2084, 1151, 2
MM, 2079, 1151, 2
MM, 2076, 1151, 2
MM, 2072, 1153, 2
MM, 2067, 1153, 2
MM, 2064, 1153, 2
MM, 2061, 1153, 2
MM, 2055, 1153, 2
MM, 2052, 1153, 2
MM, 2049, 1153, 2
MM, 2043, 1153, 2
MM, 2040, 1153, 2
MM, 2037, 1153, 2
MM, 2032, 1153, 2
MM, 2029, 1153, 2
MM, 2025, 1153, 2
MM, 2020, 1154, 2
MM, 2015, 1154, 2
MM, 2011, 1154, 2
MM, 2006, 1154, 2
MM, 2003, 1154, 2
MM, 2000, 1154, 2
MM, 1996, 1154, 2
MM, 1991, 1156, 2
MM, 1988, 1156, 2
MM, 1984, 1156, 2
MM, 1981, 1156, 3
MM, 1978, 1156, 1
MM, 1975, 1156, 2
MM, 1972, 1156, 2
MM, 1968, 1156, 2
MM, 1965, 1156, 2
MM, 1964, 1156, 3
MM, 1962, 1156, 1
MM, 1959, 1156, 2
MM, 1958, 1156, 4
MM, 1957, 1156, 5
MM, 1955, 1156, 1
MM, 1954, 1156, 5
MM, 1952, 1156, 28
MM, 1951, 1156, 76
MM, 1949, 1156, 6
MM, 1948, 1156, 6
MM, 1945, 1156, 4
MM, 1944, 1156, 6
MM, 1942, 1156, 4
MM, 1941, 1156, 2
MM, 1939, 1156, 6
MM, 1938, 1156, 2
MM, 1936, 1156, 4
MM, 1935, 1156, 2
MM, 1934, 1156, 2
MM, 1932, 1156, 4
MM, 1931, 1156, 8
MM, 1929, 1156, 6
MP, 1, 141
MR, 1, 95
MC, 1, 0
MM, 1930, 1156, 106
MM, 1963, 1136, 309
MM, 2021, 1114, 313
MM, 2097, 1146, 184
MM, 2120, 1180, 0
MM, 2143, 1223, 1
MM, 2176, 1220, 0
MM, 2206, 1215, 1
MM, 2225, 1226, 0
MM, 2257, 1244, 1
MM, 2273, 1269, 1
MM, 2305, 1320, 0
MM, 2321, 1331, 0
MM, 2357, 1322, 1
MM, 2379, 1329, 2
MM, 2408, 1345, 1
MM, 2426, 1364, 1
MM, 2458, 1419, 2
MM, 2464, 1443, 0
MM, 2462, 1445, 1
MM, 2462, 1446, 29
MM, 2461, 1446, 3
MM, 2461, 1448, 2
MM, 2459, 1449, 2
MM, 2458, 1449, 2
MM, 2458, 1451, 2
MM, 2457, 1452, 5
MM, 2457, 1453, 4
MM, 2455, 1455, 6
MM, 2455, 1456, 2
MM, 2454, 1456, 2
MM, 2452, 1456, 4
MM, 2453, 1456, 22
MM, 2454, 1456, 10
MM, 2457, 1456, 4
MM, 2459, 1454, 2
MM, 2460, 1451, 2
MM, 2462, 1450, 2
MM, 2463, 1447, 2
MM, 2467, 1443, 2
MM, 2468, 1440, 2
MM, 2472, 1434, 2
MM, 2474, 1429, 2
MM, 2478, 1425, 2
MM, 2483, 1419, 2
MM, 2487, 1411, 2
MM, 2491, 1405, 2
MM, 2497, 1397, 2
MM, 2503, 1391, 2
MM, 2507, 1383, 2
MM, 2514, 1374, 2
MM, 2520, 1369, 2
MM, 2526, 1360, 3
MM, 2533, 1351, 1
MM, 2539, 1343, 2
MM, 2546, 1334, 2
MM, 2551, 1328, 2
MM, 2560, 1319, 2
MM, 2567, 1310, 2
MM, 2574, 1302, 2
MM, 2580, 1293, 2
MM, 2589, 1284, 2
MM, 2596, 1275, 2
MM, 2602, 1267, 2
MM, 2611, 1258, 2
MM, 2618, 1249, 2
MM, 2624, 1240, 2
MM, 2631, 1232, 2
MM, 2637, 1223, 3
MM, 2644, 1214, 2
MM, 2650, 1205, 1
MM, 2657, 1197, 2
MM, 2660, 1191, 2
MM, 2667, 1183, 2
MM, 2673, 1174, 2
MM, 2677, 1169, 3
MM, 2681, 1163, 1
MM, 2688, 1152, 5
MM, 2692, 1146, 1
MM, 2695, 1143, 3
MM, 2697, 1139, 2
MM, 2699, 1136, 2
MM, 2700, 1134, 2
MM, 2703, 1131, 2
MM, 2705, 1130, 2
MM, 2706, 1128, 2
MM, 2708, 1127, 4
MM, 2709, 1126, 2
MM, 2711, 1126, 12
MM, 2710, 1126, 52
MM, 2709, 1126, 2
MM, 2707, 1126, 4
MM, 2706, 1126, 2
MM, 2703, 1126, 4
MM, 2701, 1126, 2
MM, 2700, 1126, 2
MM, 2699, 1126, 2
MM, 2697, 1126, 2
MM, 2694, 1126, 2
MM, 2693, 1126, 2
MM, 2691, 1126, 2
MM, 2688, 1126, 2
MM, 2687, 1126, 2
MM, 2685, 1126, 2
MM, 2682, 1126, 2
MM, 2679, 1126, 2
MM, 2678, 1126, 2
MM, 2676, 1126, 2
MM, 2673, 1126, 2
MM, 2670, 1126, 2
MM, 2667, 1126, 2
MM, 2664, 1126, 2
MM, 2661, 1126, 2
MM, 2657, 1124, 2
MM, 2654, 1122, 2
MM, 2650, 1120, 2
MM, 2647, 1120, 2
MM, 2644, 1119, 2
MM, 2640, 1117, 2
MM, 2637, 1117, 2
MM, 2634, 1115, 2
MM, 2628, 1113, 2
MM, 2623, 1112, 2
MM, 2619, 1110, 2
MM, 2614, 1108, 2
MM, 2610, 1106, 2
MM, 2603, 1101, 4
MM, 2598, 1099, 2
MM, 2592, 1097, 2
MM, 2587, 1096, 2
MM, 2583, 1094, 2
MM, 2580, 1092, 2
MM, 2575, 1090, 2
MM, 2569, 1089, 2
MM, 2564, 1087, 2
MM, 2558, 1085, 2
MM, 2555, 1083, 2
MM, 2549, 1081, 2
MM, 2544, 1078, 2
MM, 2538, 1076, 2
MM, 2533, 1074, 2
MM, 2527, 1072, 2
MM, 2522, 1070, 2
MM, 2514, 1068, 2
MM, 2508, 1067, 2
MM, 2500, 1063, 2
MM, 2495, 1061, 2
MM, 2489, 1059, 2
MM, 2484, 1057, 2
MM, 2476, 1055, 2
MM, 2467, 1052, 4
MM, 2462, 1050, 2
MM, 2456, 1048, 2
MM, 2451, 1046, 2
MM, 2445, 1044, 2
MM, 2438, 1044, 2
MM, 2432, 1042, 2
MM, 2427, 1041, 1
MM, 2421, 1039, 2
MM, 2416, 1037, 2
MM, 2410, 1035, 2
MM, 2407, 1035, 2
MM, 2402, 1033, 2
MM, 2398, 1032, 2
MM, 2395, 1030, 2
MM, 2392, 1030, 2
MM, 2390, 1028, 3
MM, 2387, 1028, 1
MM, 2386, 1027, 2
MM, 2383, 1027, 2
MM, 2381, 1026, 4
MM, 2380, 1024, 2
MM, 2379, 1024, 2
MM, 2377, 1024, 22
MM, 2376, 1023, 36
MM, 2376, 1021, 4
MM, 2376, 1020, 2
MM, 2376, 1017, 4
MM, 2376, 1014, 4
MM, 2376, 1010, 2
MM, 2374, 1009, 2
MM, 2374, 1006, 3
MM, 2374, 1003, 1
MM, 2374, 1001, 2
MM, 2374, 998, 2
MM, 2374, 992, 5
MM, 2374, 989, 2
MM, 2374, 986, 1
MM, 2374, 982, 3
MM, 2373, 979, 1
MM, 2373, 976, 2
MM, 2373, 973, 2
MM, 2373, 969, 3
MM, 2371, 964, 2
MM, 2371, 961, 1
MM, 2371, 957, 3
MM, 2371, 956, 2
MM, 2369, 955, 2
MM, 2369, 952, 2
MM, 2369, 946, 4
MM, 2369, 943, 2
MM, 2369, 940, 2
MM, 2369, 938, 2
MM, 2369, 935, 2
MM, 2369, 932, 2
MM, 2370, 931, 2
MM, 2371, 929, 2
MM, 2371, 928, 2
MM, 2373, 924, 4
MM, 2373, 922, 2
MM, 2373, 921, 2
MM, 2373, 919, 4
MM, 2373, 918, 4
MM, 2374, 916, 2
MM, 2374, 915, 2
MM, 2374, 914, 6
MM, 2374, 912, 4
MM, 2374, 911, 4
MM, 2374, 909, 4
