********************************************************************************
LOGGING TIME: 20201002_165221
CLIENT IP: 127.0.1.1
USERNAME: saimanoj
OS: Linux
ARCHITECTURE: amd64
VERSION: 4.15.0-118-generic
RESOLUTION: 1366.0 768.0
********************************************************************************
MM, 642, 136, 1602022802057
MM, 645, 138, 4
MM, 650, 141, 7
MM, 656, 142, 8
MM, 659, 145, 8
MM, 661, 147, 9
MM, 663, 148, 8
MM, 665, 149, 7
MM, 665, 150, 24
MM, 666, 151, 8
MM, 666, 153, 8
MM, 667, 155, 7
MM, 667, 158, 9
MM, 667, 160, 7
MM, 667, 163, 8
MM, 667, 165, 8
MM, 667, 167, 8
MM, 668, 170, 8
MM, 668, 173, 8
MM, 668, 176, 9
MM, 668, 179, 8
MM, 668, 181, 7
MM, 668, 184, 9
MM, 668, 187, 7
MM, 668, 191, 8
MM, 668, 194, 8
MM, 668, 197, 8
MM, 666, 200, 8
MM, 666, 203, 8
MM, 665, 207, 9
MM, 664, 210, 7
MM, 663, 214, 9
MM, 663, 216, 8
MM, 662, 220, 8
MM, 662, 224, 8
MM, 661, 229, 7
MM, 661, 232, 8
MM, 660, 234, 8
MM, 659, 238, 8
MM, 659, 243, 8
MM, 658, 246, 8
MM, 657, 249, 8
MM, 657, 251, 8
MM, 656, 253, 8
MM, 655, 255, 8
MM, 655, 256, 9
MM, 654, 257, 8
MM, 653, 260, 7
MM, 652, 261, 8
MM, 651, 263, 8
MM, 650, 265, 8
MM, 647, 267, 8
MM, 645, 269, 8
MM, 643, 271, 8
MM, 641, 273, 8
MM, 640, 274, 8
MM, 638, 275, 9
MM, 635, 277, 7
MM, 633, 278, 16
MM, 632, 279, 8
MM, 629, 282, 8
MM, 627, 283, 9
MM, 626, 284, 8
MM, 624, 286, 7
MM, 622, 288, 9
MM, 619, 290, 7
MM, 617, 292, 9
MM, 615, 293, 7
MM, 613, 294, 8
MM, 611, 296, 9
MM, 609, 298, 7
MM, 607, 299, 8
MM, 605, 300, 8
MM, 603, 302, 9
MM, 601, 303, 7
MM, 598, 304, 9
MM, 596, 306, 7
MM, 595, 307, 8
MM, 594, 308, 8
MM, 592, 309, 8
MM, 592, 310, 9
MM, 591, 311, 7
MM, 590, 312, 9
MM, 588, 314, 7
MM, 585, 315, 9
MM, 584, 315, 7
MM, 582, 317, 8
MM, 580, 318, 9
MM, 578, 318, 7
MM, 576, 319, 8
MM, 574, 319, 8
MM, 573, 319, 8
MM, 572, 319, 7
MM, 570, 319, 8
MM, 569, 319, 8
MM, 568, 320, 8
MM, 566, 320, 8
MM, 565, 320, 8
MM, 564, 320, 9
MM, 563, 320, 7
MM, 561, 320, 8
MM, 560, 320, 8
MM, 558, 320, 17
MM, 557, 320, 6
MM, 556, 320, 8
MM, 555, 320, 8
MM, 554, 320, 8
MM, 553, 320, 16
MM, 552, 320, 8
MM, 551, 320, 87
MM, 550, 320, 151
MM, 549, 319, 23
MM, 549, 318, 24
MM, 548, 317, 24
MM, 548, 316, 26
MM, 547, 316, 23
MM, 547, 315, 23
MM, 547, 314, 56
MM, 547, 313, 70
MP, 1, 319
MR, 1, 86
MC, 1, 0
MM, 546, 308, 454
MM, 544, 295, 5
MM, 541, 275, 8
MM, 539, 264, 8
MM, 536, 259, 9
MM, 535, 259, 7
MM, 534, 258, 9
MM, 533, 256, 8
MM, 532, 256, 7
MM, 530, 255, 17
MM, 526, 254, 6
MM, 515, 250, 8
MM, 488, 242, 8
MM, 450, 232, 8
MM, 408, 218, 8
MM, 367, 197, 8
MM, 320, 174, 8
MM, 276, 156, 9
MM, 239, 140, 7
MM, 204, 124, 8
MM, 169, 112, 8
MM, 134, 105, 8
MM, 102, 97, 8
MM, 73, 94, 9
MM, 55, 89, 8
MM, 44, 87, 7
MM, 39, 85, 8
MM, 38, 84, 8
MM, 38, 83, 32
MM, 39, 82, 8
MM, 39, 81, 8
MM, 39, 80, 8
MM, 40, 80, 16
MM, 41, 79, 9
MM, 42, 79, 16
MM, 43, 79, 6
MM, 45, 78, 8
MM, 46, 78, 8
MM, 49, 77, 8
MM, 51, 74, 8
MM, 54, 73, 8
MM, 56, 72, 9
MM, 59, 71, 7
MM, 60, 71, 8
MM, 62, 71, 8
MM, 64, 71, 8
MM, 65, 71, 8
MM, 67, 71, 8
MM, 68, 71, 8
MM, 69, 71, 16
MM, 70, 71, 8
MM, 71, 70, 72
MM, 72, 69, 16
MM, 73, 68, 8
MM, 74, 67, 8
MM, 75, 66, 8
MM, 76, 64, 8
MM, 77, 63, 8
MM, 78, 62, 8
MM, 79, 61, 8
MM, 80, 59, 8
MM, 80, 58, 8
MM, 81, 57, 16
MM, 81, 56, 8
MM, 82, 55, 16
MM, 83, 54, 8
MM, 84, 53, 16
MM, 85, 51, 7
MM, 86, 50, 8
MM, 87, 49, 9
MM, 88, 47, 7
MM, 88, 46, 9
MM, 89, 46, 7
MM, 89, 45, 16
MP, 1, 176
MR, 1, 78
MC, 1, 0
MM, 89, 46, 221
MM, 89, 50, 8
MM, 88, 61, 8
MM, 86, 73, 9
MM, 83, 84, 7
MM, 81, 92, 8
MM, 78, 101, 8
MM, 76, 107, 8
MM, 75, 113, 8
MM, 74, 114, 8
MM, 73, 117, 8
MM, 72, 119, 8
MM, 71, 121, 8
MM, 71, 122, 8
MM, 70, 124, 8
MM, 70, 125, 7
MM, 69, 126, 41
MM, 67, 127, 7
MM, 67, 128, 32
MM, 65, 130, 8
MM, 62, 137, 8
MM, 59, 147, 8
MM, 54, 161, 9
MM, 49, 172, 8
MM, 44, 185, 7
MM, 42, 198, 9
MM, 42, 221, 7
MM, 42, 245, 8
MM, 42, 271, 8
MM, 42, 300, 9
MM, 42, 334, 7
MM, 45, 365, 8
MM, 48, 398, 8
MM, 50, 424, 9
MM, 53, 451, 7
MM, 56, 466, 9
MM, 58, 471, 7
MM, 58, 472, 8
MM, 58, 471, 80
MM, 57, 470, 8
MM, 56, 468, 7
MM, 52, 463, 9
MM, 49, 459, 7
MM, 45, 455, 9
MM, 40, 450, 8
MM, 34, 444, 7
MM, 30, 440, 9
MM, 27, 438, 8
MM, 24, 436, 8
MM, 20, 432, 7
MM, 13, 427, 8
MM, 6, 420, 8
MM, 0, 412, 7
MM, 0, 404, 8
MM, 0, 397, 8
MM, 1, 389, 8
MM, 3, 381, 9
MM, 5, 374, 7
MM, 9, 366, 9
MM, 13, 358, 7
MM, 17, 352, 9
MM, 22, 346, 7
MM, 23, 341, 8
MM, 26, 335, 8
MM, 26, 330, 9
MM, 27, 328, 7
MM, 27, 326, 7
MM, 27, 324, 9
MM, 27, 320, 7
MM, 26, 316, 8
MM, 26, 313, 8
MM, 26, 309, 8
MM, 27, 304, 8
MM, 28, 300, 9
MM, 28, 297, 7
MM, 28, 296, 8
MM, 28, 295, 16
MM, 28, 294, 23
MM, 33, 296, 660
MM, 34, 297, 5
MM, 39, 299, 5
MM, 50, 306, 5
MM, 62, 311, 8
MM, 74, 313, 7
MM, 86, 313, 9
MM, 97, 316, 8
MM, 113, 316, 7
MM, 128, 316, 8
MM, 144, 316, 8
MM, 160, 318, 8
MM, 176, 318, 9
MM, 191, 320, 7
MM, 200, 320, 8
MM, 209, 320, 8
MM, 218, 322, 8
MM, 225, 322, 8
MM, 231, 322, 8
MM, 238, 324, 7
MM, 244, 324, 8
MM, 251, 324, 9
MM, 257, 324, 7
MM, 263, 324, 9
MM, 268, 324, 8
MM, 274, 324, 8
MM, 279, 324, 8
MM, 282, 324, 7
MM, 283, 324, 8
MM, 284, 324, 17
MM, 286, 325, 110
MM, 287, 326, 8
MM, 291, 328, 9
MM, 295, 331, 8
MM, 300, 333, 7
MM, 308, 338, 7
MM, 315, 342, 8
MM, 325, 346, 8
MM, 333, 351, 8
MM, 341, 355, 8
MM, 347, 357, 9
MM, 348, 358, 7
MM, 349, 358, 8
MM, 350, 359, 9
MM, 352, 359, 7
MM, 353, 360, 9
MM, 355, 360, 7
MM, 357, 361, 9
MM, 359, 362, 8
MM, 361, 362, 8
MM, 364, 363, 6
MM, 365, 363, 16
MM, 364, 364, 549
MM, 363, 365, 7
MM, 361, 366, 9
MM, 359, 368, 8
MM, 356, 368, 7
MM, 353, 368, 9
MM, 350, 368, 8
MM, 345, 369, 7
MM, 341, 369, 8
MM, 337, 369, 8
MM, 333, 370, 8
MM, 329, 370, 9
MM, 325, 370, 7
MM, 320, 369, 8
MM, 315, 369, 7
MM, 312, 368, 8
MM, 311, 368, 8
MM, 309, 368, 16
MM, 306, 368, 9
MM, 301, 369, 8
MM, 288, 374, 8
MM, 271, 379, 8
MM, 252, 384, 8
MM, 232, 390, 8
MM, 213, 398, 7
MM, 203, 404, 8
MM, 195, 412, 8
MM, 190, 414, 8
MM, 188, 415, 8
MM, 187, 416, 8
MM, 186, 417, 8
MM, 185, 417, 8
MM, 184, 417, 71
MM, 183, 417, 8
MM, 182, 417, 7
MM, 181, 417, 9
MM, 180, 417, 8
MM, 179, 417, 16
MM, 178, 417, 16
MM, 177, 417, 8
MM, 176, 416, 7
MM, 175, 415, 9
MM, 173, 414, 8
MM, 169, 412, 7
MM, 165, 409, 8
MM, 161, 407, 8
MM, 157, 405, 9
MM, 154, 404, 7
MM, 150, 402, 9
MM, 145, 400, 7
MM, 141, 398, 8
MM, 136, 396, 8
MM, 133, 395, 8
MM, 129, 393, 7
MM, 127, 392, 9
MM, 125, 392, 7
MM, 124, 392, 24
MM, 123, 392, 48
MM, 122, 391, 9
MM, 122, 390, 23
MM, 121, 390, 23
MM, 119, 391, 16
MM, 115, 393, 8
MM, 108, 396, 9
MM, 98, 401, 7
MM, 90, 405, 9
MM, 84, 409, 7
MM, 76, 413, 9
MM, 72, 417, 7
MM, 71, 418, 8
MM, 70, 418, 8
MM, 70, 419, 8
MM, 72, 418, 88
MM, 77, 414, 8
MM, 89, 407, 8
MM, 103, 399, 8
MM, 118, 391, 8
MM, 132, 383, 8
MM, 145, 378, 8
MM, 156, 373, 8
MM, 166, 367, 8
MM, 173, 365, 8
MM, 175, 365, 8
MM, 180, 360, 692
MM, 208, 341, 6
MM, 273, 305, 8
MM, 362, 269, 8
MM, 468, 237, 8
MM, 575, 219, 8
MM, 683, 207, 7
MM, 780, 202, 8
MM, 873, 197, 7
MM, 940, 184, 9
MM, 970, 173, 8
MM, 977, 166, 8
MM, 978, 163, 8
MM, 978, 162, 8
MM, 979, 162, 11
MM, 979, 161, 29
MM, 979, 160, 23
MM, 978, 160, 8
MM, 976, 160, 17
MM, 973, 159, 7
MM, 968, 159, 9
MM, 961, 157, 7
MM, 954, 153, 7
MM, 946, 149, 9
MM, 939, 149, 7
MM, 936, 148, 9
MM, 934, 147, 8
MM, 933, 146, 7
MM, 932, 146, 16
MM, 931, 146, 16
MM, 927, 146, 8
MM, 920, 147, 8
MM, 905, 149, 9
MM, 884, 149, 7
MM, 862, 146, 8
MM, 839, 140, 8
MM, 822, 134, 8
MM, 807, 127, 9
MM, 790, 120, 8
MM, 775, 113, 8
MM, 757, 106, 8
MM, 735, 98, 7
MM, 707, 87, 9
MM, 676, 75, 7
MM, 647, 62, 8
MM, 618, 55, 8
MM, 594, 48, 8
MM, 578, 45, 8
MM, 570, 43, 9
MM, 569, 43, 8
MM, 568, 43, 16
MM, 564, 45, 120
MM, 560, 48, 7
MM, 552, 51, 8
MM, 543, 56, 8
MM, 534, 61, 8
MM, 526, 63, 7
MM, 518, 65, 8
MM, 510, 65, 9
MM, 502, 67, 7
MM, 496, 67, 9
MM, 490, 68, 7
MM, 476, 70, 8
MM, 464, 70, 9
MM, 451, 70, 8
MM, 437, 70, 8
MM, 419, 70, 8
MM, 400, 70, 7
MM, 382, 70, 8
MM, 365, 70, 7
MM, 351, 70, 8
MM, 337, 68, 9
MM, 326, 68, 7
MM, 316, 68, 8
MM, 307, 68, 9
MM, 302, 68, 7
MM, 298, 69, 9
MM, 296, 69, 8
MM, 294, 69, 7
MM, 291, 69, 9
MM, 289, 69, 8
MM, 287, 70, 7
MM, 285, 70, 7
MM, 284, 70, 25
MM, 281, 71, 7
MM, 276, 73, 8
MM, 269, 75, 9
MM, 261, 76, 7
MM, 252, 76, 9
MM, 242, 76, 8
MM, 236, 76, 8
MM, 232, 76, 7
MM, 231, 76, 9
MM, 228, 76, 7
MM, 227, 76, 8
MM, 226, 76, 8
MM, 220, 76, 8
MM, 216, 78, 7
MM, 210, 78, 9
MM, 206, 78, 7
MM, 200, 78, 8
MM, 191, 78, 8
MM, 182, 80, 8
MM, 169, 80, 8
MM, 158, 82, 8
MM, 149, 82, 9
MM, 139, 82, 8
MM, 130, 83, 8
MM, 122, 85, 7
MM, 116, 87, 7
MM, 112, 87, 9
MM, 109, 89, 7
MM, 105, 90, 8
MM, 104, 91, 8
MM, 102, 92, 8
MM, 101, 92, 16
MM, 100, 92, 16
MM, 99, 92, 16
MM, 97, 92, 9
MM, 95, 92, 8
MM, 92, 92, 15
MM, 89, 92, 8
MM, 86, 92, 8
MM, 79, 93, 7
MM, 71, 95, 9
MM, 66, 96, 7
MM, 62, 97, 8
MM, 57, 98, 8
MM, 53, 99, 9
MM, 49, 101, 7
MM, 44, 104, 9
MM, 40, 105, 7
MM, 37, 106, 9
MM, 35, 106, 7
MM, 33, 107, 8
MM, 32, 107, 24
MM, 32, 108, 48
MM, 32, 109, 28
MP, 1, 481
MR, 1, 221
MC, 1, 0
MP, 1, 55
MR, 1, 63
MC, 1, 0
MM, 40, 112, 362
MM, 66, 126, 5
MM, 102, 147, 6
MM, 122, 156, 8
MM, 128, 159, 8
MM, 129, 159, 8
MM, 130, 159, 7
MM, 131, 159, 9
MM, 133, 160, 8
MM, 134, 160, 39
MM, 135, 160, 8
MM, 137, 160, 7
MM, 139, 160, 9
MM, 141, 160, 8
MM, 145, 158, 8
MM, 150, 157, 8
MM, 161, 155, 8
MM, 175, 153, 8
MM, 186, 151, 8
MM, 197, 149, 8
MM, 204, 147, 8
MM, 211, 145, 8
MM, 212, 145, 8
MM, 212, 144, 8
MM, 212, 143, 55
MM, 212, 141, 16
MM, 212, 140, 8
MM, 212, 138, 8
MM, 213, 136, 8
MM, 214, 134, 8
MM, 216, 130, 8
MM, 217, 128, 8
MM, 218, 125, 8
MM, 219, 123, 7
MM, 220, 122, 8
MM, 222, 120, 16
MM, 225, 118, 8
MM, 228, 116, 8
MM, 231, 114, 8
MM, 236, 109, 8
MM, 246, 101, 8
MM, 256, 93, 7
MM, 268, 84, 8
MM, 281, 75, 9
MM, 294, 66, 8
MM, 304, 58, 7
MM, 308, 56, 10
MM, 310, 56, 6
MM, 310, 57, 263
MM, 308, 60, 16
MM, 308, 61, 8
MM, 306, 61, 8
MM, 305, 63, 8
MM, 304, 64, 7
MM, 303, 67, 8
MM, 302, 68, 8
MM, 301, 70, 8
MM, 299, 72, 7
MM, 298, 74, 9
MM, 297, 75, 7
MM, 297, 76, 8
MM, 296, 77, 8
MP, 1, 153
MR, 1, 54
MC, 1, 0
MM, 300, 80, 230
MM, 305, 84, 9
MM, 314, 90, 8
MM, 327, 95, 8
MM, 340, 102, 8
MM, 354, 110, 7
MM, 368, 119, 9
MM, 385, 127, 7
MM, 403, 133, 8
MM, 420, 139, 7
MM, 438, 145, 8
MM, 453, 147, 9
MM, 463, 151, 8
MM, 468, 151, 7
MM, 471, 152, 8
MM, 472, 152, 9
MM, 473, 152, 64
MM, 474, 152, 8
MM, 476, 154, 7
MM, 478, 156, 8
MM, 482, 158, 8
MM, 485, 159, 8
MM, 489, 160, 8
MM, 491, 163, 8
MM, 494, 165, 8
MM, 496, 167, 8
MM, 498, 168, 8
MM, 500, 170, 8
MM, 501, 172, 8
MM, 502, 173, 8
MM, 502, 174, 8
MM, 502, 176, 8
MM, 502, 178, 16
MM, 502, 180, 8
MM, 501, 182, 8
MM, 499, 185, 8
MM, 498, 188, 8
MM, 496, 191, 8
MM, 494, 195, 8
MM, 492, 197, 7
MM, 490, 201, 9
MM, 489, 203, 8
MM, 488, 206, 8
MM, 487, 209, 8
MM, 486, 210, 8
MM, 485, 213, 8
MM, 484, 214, 8
MM, 484, 215, 8
MM, 483, 216, 8
MM, 483, 217, 7
MM, 481, 220, 9
MM, 481, 222, 7
MM, 479, 224, 9
MM, 477, 227, 7
MM, 476, 228, 9
MM, 475, 230, 8
MM, 472, 232, 7
MM, 471, 233, 9
MM, 470, 234, 8
MM, 468, 237, 8
MM, 467, 238, 7
MM, 465, 239, 9
MM, 464, 241, 7
MM, 463, 244, 9
MM, 462, 246, 8
MM, 462, 247, 8
MM, 462, 249, 7
MM, 462, 250, 8
MM, 463, 252, 15
MM, 464, 253, 17
MM, 466, 255, 8
MM, 467, 255, 7
MM, 468, 257, 9
MM, 471, 258, 8
MM, 475, 259, 8
MM, 479, 261, 8
MM, 484, 264, 8
MM, 489, 265, 7
MM, 498, 269, 9
MM, 506, 272, 7
MM, 515, 274, 9
MM, 524, 276, 8
MM, 533, 278, 8
MM, 542, 280, 8
MM, 551, 280, 8
MM, 561, 282, 7
MM, 572, 282, 8
MM, 582, 283, 8
MM, 592, 283, 9
MM, 603, 283, 8
MM, 613, 283, 8
MM, 618, 283, 7
MM, 624, 283, 8
MM, 625, 283, 9
MM, 627, 283, 8
MM, 628, 283, 7
MM, 627, 282, 182
MM, 626, 282, 9
MM, 622, 278, 16
MM, 613, 271, 8
MM, 592, 255, 8
MM, 552, 229, 7
MM, 525, 212, 8
MM, 506, 198, 8
MM, 492, 187, 7
MM, 482, 176, 9
MM, 476, 171, 7
MM, 475, 166, 9
MM, 474, 165, 8
MM, 473, 165, 16
MM, 472, 165, 16
MM, 471, 165, 79
MM, 470, 165, 7
MM, 468, 165, 9
MM, 461, 163, 8
MM, 449, 159, 8
MM, 432, 152, 8
MM, 413, 142, 8
MM, 397, 132, 7
MM, 385, 127, 8
MM, 377, 122, 8
MM, 376, 120, 8
MM, 376, 119, 8
MM, 376, 118, 8
MM, 375, 118, 32
MM, 374, 117, 15
MM, 372, 115, 9
MM, 371, 114, 8
MM, 370, 111, 8
MM, 367, 109, 7
MM, 366, 107, 8
MM, 363, 103, 8
MM, 360, 101, 8
MM, 352, 96, 7
MM, 340, 88, 9
MM, 330, 83, 8
MM, 323, 81, 8
MM, 319, 81, 8
MM, 317, 80, 8
MM, 314, 79, 7
MM, 313, 78, 8
MM, 310, 76, 9
MM, 309, 75, 7
MM, 305, 75, 9
MM, 303, 74, 8
MM, 300, 74, 7
MM, 298, 74, 7
MM, 296, 74, 9
MM, 294, 74, 8
MM, 291, 74, 8
MM, 291, 75, 8
MM, 290, 76, 8
MM, 290, 77, 8
MM, 290, 79, 8
MM, 290, 81, 8
MM, 289, 82, 8
MM, 288, 83, 7
MM, 287, 84, 25
MM, 287, 85, 62
MP, 1, 57
MR, 1, 63
MC, 1, 0
MM, 285, 85, 254
MM, 283, 85, 7
MM, 281, 85, 7
MM, 280, 85, 9
MM, 279, 85, 7
MM, 278, 85, 9
MM, 276, 85, 9
MM, 274, 85, 7
MM, 273, 85, 8
MM, 274, 85, 95
MM, 275, 85, 8
MM, 274, 85, 96
MM, 273, 85, 16
MM, 271, 85, 8
MM, 270, 85, 8
MM, 268, 85, 8
MM, 267, 85, 8
MM, 265, 85, 8
MM, 262, 85, 8
MM, 259, 85, 8
MM, 256, 85, 8
MM, 253, 84, 8
MM, 249, 84, 8
MM, 241, 84, 8
MM, 228, 84, 8
MM, 215, 84, 8
MM, 196, 84, 8
MM, 183, 82, 8
MM, 171, 80, 8
MM, 164, 78, 8
MM, 158, 75, 8
MM, 158, 73, 8
MM, 157, 72, 8
MM, 157, 70, 8
MM, 158, 69, 8
MM, 159, 67, 8
MM, 160, 67, 8
MM, 160, 66, 8
MM, 161, 65, 8
MM, 162, 65, 8
MP, 1, 350
MD, 163, 65, 24
MR, 1, 24
MM, 163, 66, 198
MM, 164, 68, 7
MM, 172, 75, 8
MM, 184, 82, 8
MM, 193, 87, 8
MM, 201, 89, 8
MM, 210, 91, 8
MM, 220, 95, 11
MM, 232, 100, 5
MM, 247, 107, 8
MM, 265, 114, 8
MM, 294, 125, 8
MM, 322, 137, 8
MM, 346, 143, 8
MM, 369, 149, 8
MM, 390, 155, 7
MM, 413, 161, 8
MM, 433, 168, 7
MM, 449, 168, 9
MM, 466, 168, 8
MM, 477, 168, 8
MM, 482, 168, 8
MM, 485, 172, 151
MM, 489, 177, 8
MM, 496, 187, 8
MM, 503, 196, 8
MM, 513, 205, 8
MM, 520, 212, 7
MM, 527, 217, 8
MM, 531, 219, 8
MM, 532, 220, 8
MM, 533, 220, 7
MM, 534, 221, 57
MM, 537, 224, 8
MM, 539, 226, 8
MM, 542, 230, 8
MM, 546, 235, 7
MM, 550, 243, 8
MM, 554, 252, 8
MM, 558, 262, 8
MM, 563, 275, 8
MM, 568, 287, 8
MM, 569, 298, 8
MM, 571, 308, 8
MM, 573, 318, 8
MM, 573, 324, 8
MM, 572, 328, 8
MM, 571, 331, 8
MM, 567, 335, 8
MM, 561, 339, 8
MM, 559, 340, 7
MM, 557, 341, 9
MM, 557, 342, 15
MM, 556, 342, 16
MM, 555, 342, 16
MM, 553, 341, 24
MM, 552, 341, 8
MM, 551, 340, 8
MM, 548, 338, 8
MM, 545, 337, 8
MM, 541, 336, 8
MM, 535, 332, 7
MM, 531, 326, 8
MM, 527, 321, 8
MM, 524, 317, 7
MM, 521, 313, 9
MM, 515, 307, 8
MM, 511, 304, 8
MM, 506, 301, 8
MM, 501, 298, 8
MM, 495, 293, 8
MM, 489, 289, 8
MM, 489, 288, 8
MM, 490, 287, 15
MM, 490, 286, 8
MM, 490, 287, 47
MM, 491, 287, 25
MM, 491, 286, 23
MM, 491, 287, 40
MM, 491, 288, 8
MM, 491, 289, 8
MM, 491, 290, 16
MM, 492, 292, 8
MM, 493, 296, 15
MM, 493, 298, 9
MM, 493, 300, 15
MM, 493, 301, 8
MM, 492, 303, 8
MM, 491, 304, 12
MM, 491, 305, 36
MM, 491, 306, 8
MM, 491, 307, 16
MM, 491, 308, 8
MM, 491, 309, 8
MM, 491, 310, 7
MM, 491, 311, 16
MM, 492, 311, 183
MM, 493, 312, 8
MM, 494, 312, 46
MM, 495, 312, 57
MM, 496, 313, 8
MM, 497, 313, 16
MM, 498, 313, 8
MM, 499, 314, 23
MM, 498, 312, 135
MM, 497, 309, 8
MM, 496, 306, 8
MM, 495, 303, 8
MM, 495, 300, 8
MM, 495, 297, 9
MM, 495, 295, 7
MM, 495, 291, 8
MM, 495, 289, 8
MM, 494, 288, 8
MM, 494, 287, 8
MP, 1, 198
MR, 1, 79
MC, 1, 0
MM, 495, 287, 198
MM, 498, 290, 8
MM, 502, 296, 8
MM, 506, 301, 8
MM, 508, 307, 8
MM, 510, 314, 8
MM, 511, 320, 8
MM, 512, 323, 8
MM, 513, 327, 8
MM, 514, 329, 8
MM, 515, 330, 8
MM, 515, 331, 7
MM, 516, 331, 48
MM, 518, 333, 24
MM, 519, 334, 8
MM, 520, 335, 8
MM, 521, 337, 8
MM, 522, 339, 8
MM, 523, 340, 16
MM, 524, 340, 739
MM, 526, 341, 8
MM, 527, 341, 8
MM, 529, 341, 8
MM, 530, 340, 56
MM, 531, 339, 7
MM, 531, 338, 8
MM, 531, 336, 8
MM, 531, 334, 8
MM, 531, 331, 8
MM, 531, 327, 8
MM, 531, 326, 8
MM, 531, 323, 8
MM, 531, 321, 8
MM, 531, 319, 8
MM, 530, 316, 8
MM, 529, 314, 8
MM, 529, 311, 8
MM, 528, 309, 8
MM, 526, 306, 8
MM, 526, 303, 8
MM, 525, 301, 8
MM, 524, 298, 8
MM, 523, 296, 8
MM, 523, 294, 8
MM, 522, 291, 8
MM, 521, 289, 8
MM, 520, 288, 8
MM, 520, 287, 8
MM, 518, 285, 8
MM, 518, 284, 8
MM, 517, 284, 16
MM, 517, 283, 8
MM, 516, 283, 32
MM, 515, 283, 24
MM, 514, 283, 40
MM, 513, 283, 32
MM, 512, 284, 16
MM, 511, 287, 8
MM, 509, 290, 8
MM, 507, 292, 8
MM, 505, 295, 7
MM, 503, 298, 8
MM, 502, 301, 8
MM, 501, 303, 8
MM, 501, 304, 8
MM, 500, 305, 8
MM, 500, 306, 8
MM, 500, 307, 8
MM, 500, 304, 230
MM, 500, 303, 8
MM, 499, 300, 8
MM, 499, 296, 8
MM, 499, 294, 7
MM, 499, 291, 8
MM, 499, 290, 8
MM, 499, 287, 8
MM, 499, 286, 8
MM, 499, 285, 8
MM, 499, 286, 374
MM, 499, 288, 15
MM, 499, 290, 8
MM, 499, 291, 24
MP, 1, 1622
MR, 1, 77
MC, 1, 0
MP, 1, 551
MR, 1, 98
MC, 1, 0
MP, 1, 48
MR, 1, 80
MC, 2, 0
MM, 500, 291, 1316
MM, 501, 291, 5
MM, 503, 291, 16
MM, 504, 291, 7
MM, 505, 291, 16
MM, 508, 290, 8
MM, 510, 286, 8
MM, 514, 282, 8
MM, 521, 276, 8
MM, 529, 270, 8
MM, 537, 264, 8
MM, 544, 259, 8
MM, 546, 256, 8
MM, 548, 253, 8
MM, 548, 251, 8
MM, 548, 249, 8
MM, 548, 248, 7
MM, 548, 247, 8
MM, 548, 246, 16
MM, 548, 245, 9
MM, 547, 245, 7
MM, 546, 244, 8
MM, 546, 243, 8
MM, 544, 244, 8
MM, 543, 243, 8
MM, 540, 243, 8
MM, 538, 242, 8
MM, 535, 240, 9
MM, 533, 238, 7
MM, 531, 235, 8
MM, 530, 232, 8
MM, 527, 229, 7
MM, 525, 227, 8
MM, 522, 223, 8
MM, 520, 220, 8
MM, 517, 216, 8
MM, 513, 213, 8
MM, 508, 209, 8
MM, 501, 205, 8
MM, 494, 200, 8
MM, 485, 191, 8
MM, 475, 181, 8
MM, 467, 171, 10
MM, 459, 163, 6
MM, 455, 157, 9
MM, 450, 151, 7
MM, 450, 149, 8
MM, 449, 149, 8
MM, 449, 148, 8
MM, 449, 147, 23
MM, 447, 147, 8
MM, 446, 147, 8
MM, 444, 147, 8
MM, 442, 147, 8
MM, 440, 146, 8
MM, 436, 145, 8
MM, 431, 144, 8
MM, 428, 143, 8
MM, 425, 142, 8
MM, 423, 141, 8
MM, 421, 141, 8
MM, 419, 140, 8
MM, 417, 140, 8
MM, 414, 139, 8
MM, 411, 138, 8
MM, 407, 137, 8
MM, 404, 136, 8
MM, 402, 136, 8
MM, 399, 136, 8
MM, 398, 136, 7
MM, 397, 136, 8
MM, 396, 136, 136
MM, 394, 136, 8
MM, 393, 136, 8
MM, 392, 136, 8
MM, 389, 136, 8
MM, 385, 136, 8
MM, 384, 136, 7
MM, 381, 136, 8
MM, 379, 136, 8
MM, 376, 136, 8
MM, 374, 136, 8
MM, 371, 137, 8
MM, 368, 137, 8
MM, 365, 138, 8
MM, 363, 138, 9
MM, 361, 139, 7
MM, 359, 139, 8
MM, 358, 139, 16
MM, 357, 139, 174
MM, 356, 140, 16
MM, 354, 140, 8
MM, 353, 140, 8
MM, 351, 141, 7
MM, 350, 141, 8
MM, 347, 142, 8
MM, 345, 143, 8
MM, 344, 143, 8
MM, 342, 144, 8
MM, 340, 144, 8
MM, 339, 144, 8
MM, 338, 145, 8
MM, 337, 145, 32
MM, 336, 145, 15
MM, 335, 146, 8
MM, 334, 146, 16
MM, 335, 147, 318
MM, 337, 148, 7
MM, 339, 149, 8
MM, 340, 149, 8
MM, 341, 149, 16
MM, 342, 149, 16
MM, 343, 150, 24
MM, 343, 151, 8
MM, 344, 151, 8
MM, 345, 151, 31
MM, 345, 150, 135
MM, 345, 149, 16
MM, 345, 148, 16
MM, 345, 147, 8
MM, 345, 146, 16
MM, 345, 145, 8
MM, 344, 145, 16
MM, 344, 144, 7
MM, 344, 143, 19
MM, 343, 142, 5
MM, 343, 141, 16
MM, 342, 140, 16
MM, 341, 140, 32
MM, 341, 139, 15
MM, 341, 140, 294
MM, 342, 140, 341
MM, 344, 141, 8
MM, 346, 141, 8
MM, 349, 142, 8
MM, 352, 143, 8
MM, 356, 145, 8
MM, 359, 145, 7
MM, 363, 146, 8
MM, 365, 147, 8
MM, 368, 147, 8
MM, 369, 148, 8
MM, 370, 148, 64
MM, 371, 147, 8
MM, 372, 146, 8
MM, 373, 145, 7
MM, 374, 144, 8
MM, 374, 143, 8
MM, 375, 142, 8
MM, 376, 141, 16
MM, 378, 140, 8
MM, 380, 139, 8
MM, 382, 138, 8
MM, 383, 138, 8
MM, 390, 136, 8
MM, 396, 134, 8
MM, 405, 131, 8
MM, 410, 130, 7
MM, 414, 130, 8
MM, 420, 130, 8
MM, 422, 130, 8
MM, 421, 130, 56
MM, 420, 130, 31
MM, 422, 130, 183
MM, 425, 130, 8
MM, 429, 129, 8
MM, 434, 127, 8
MM, 439, 126, 8
MM, 444, 122, 7
MM, 447, 122, 8
MM, 448, 121, 8
MM, 449, 121, 8
MM, 448, 122, 111
MM, 447, 124, 8
MM, 446, 126, 8
MM, 445, 127, 8
MM, 444, 128, 8
MM, 442, 130, 8
MM, 440, 131, 8
MM, 439, 132, 8
MM, 437, 134, 8
MM, 431, 137, 8
MM, 428, 140, 8
MM, 423, 143, 8
MM, 417, 146, 8
MM, 408, 151, 7
MM, 401, 155, 9
MM, 396, 157, 7
MM, 390, 158, 8
MM, 383, 161, 8
MM, 377, 161, 8
MM, 371, 161, 8
MM, 367, 161, 8
MM, 363, 161, 8
MM, 359, 161, 8
MM, 358, 161, 8
MM, 357, 161, 8
MM, 356, 161, 8
MM, 353, 162, 8
MM, 350, 162, 8
MM, 348, 163, 8
MM, 344, 164, 7
MM, 342, 164, 8
MM, 340, 164, 8
MM, 338, 164, 8
MM, 337, 164, 16
MM, 336, 164, 16
MM, 335, 164, 8
MM, 334, 164, 8
MM, 333, 164, 8
MM, 332, 164, 8
MM, 331, 164, 24
MM, 332, 164, 47
MM, 336, 164, 8
MM, 342, 162, 8
MM, 349, 162, 8
MM, 355, 162, 8
MM, 361, 162, 8
MM, 366, 162, 8
MM, 373, 162, 8
MM, 380, 162, 8
MM, 388, 162, 8
MM, 393, 162, 8
MM, 399, 162, 7
MM, 405, 158, 8
MM, 410, 154, 8
MM, 414, 150, 8
MM, 418, 147, 8
MM, 420, 146, 8
MM, 423, 145, 8
MM, 424, 145, 8
MM, 425, 145, 8
MM, 426, 145, 24
MM, 424, 145, 103
MM, 421, 145, 8
MM, 418, 145, 8
MM, 414, 145, 7
MM, 410, 145, 8
MM, 406, 145, 8
MM, 404, 145, 8
MM, 401, 145, 8
MM, 398, 144, 8
MM, 396, 144, 8
MM, 394, 144, 8
MM, 393, 144, 8
MM, 392, 144, 8
MM, 391, 143, 8
MM, 389, 143, 8
MM, 387, 143, 8
MM, 384, 143, 8
MM, 381, 142, 7
MM, 379, 142, 8
MM, 378, 141, 8
MM, 379, 140, 32
MM, 381, 138, 8
MM, 385, 137, 8
MM, 392, 136, 8
MM, 406, 136, 9
MM, 421, 134, 7
MM, 436, 134, 8
MM, 451, 134, 8
MM, 466, 134, 7
MM, 476, 134, 8
MM, 482, 134, 8
MM, 484, 133, 8
MM, 485, 133, 8
MM, 486, 133, 8
MM, 487, 133, 8
MM, 488, 132, 8
MM, 490, 131, 8
MM, 491, 131, 8
MM, 493, 131, 8
MM, 496, 129, 8
MM, 498, 129, 9
MM, 501, 127, 7
MM, 503, 127, 8
MM, 506, 126, 7
MM, 508, 125, 8
MM, 509, 125, 8
MM, 510, 125, 8
MM, 511, 125, 8
MM, 513, 125, 16
MM, 514, 125, 8
MM, 515, 125, 8
MM, 516, 125, 16
MM, 517, 125, 8
MM, 518, 125, 16
MM, 519, 125, 23
MM, 518, 125, 48
MM, 517, 125, 8
MM, 514, 125, 16
MM, 510, 125, 8
MM, 494, 128, 8
MM, 471, 131, 8
MM, 448, 134, 8
MM, 430, 136, 8
MM, 417, 138, 7
MM, 409, 138, 8
MM, 400, 140, 8
MM, 391, 142, 8
MM, 385, 144, 8
MM, 384, 144, 8
MM, 383, 144, 11
MM, 382, 144, 37
MM, 381, 144, 8
MM, 380, 144, 8
MM, 379, 144, 8
MM, 378, 142, 8
MM, 377, 141, 8
MM, 376, 141, 7
MM, 374, 140, 8
MM, 372, 138, 8
MM, 371, 138, 8
MM, 369, 138, 8
MM, 367, 137, 8
MM, 366, 136, 8
MM, 364, 136, 8
MM, 363, 136, 39
MM, 362, 136, 16
MM, 359, 136, 8
MM, 358, 135, 8
MM, 356, 135, 8
MM, 353, 134, 8
MM, 352, 133, 8
MM, 351, 133, 8
MM, 352, 133, 285
MM, 355, 133, 56
MM, 357, 133, 8
MM, 360, 132, 8
MM, 362, 132, 8
MM, 364, 132, 7
MM, 365, 132, 8
MM, 368, 132, 8
MM, 370, 132, 8
MM, 373, 132, 8
MM, 375, 132, 8
MM, 378, 132, 8
MM, 380, 132, 9
MM, 383, 132, 7
MM, 384, 132, 9
MM, 386, 132, 7
MM, 387, 132, 16
MM, 388, 132, 8
MM, 389, 132, 8
MM, 390, 132, 15
MM, 391, 132, 56
MM, 392, 132, 24
MM, 393, 132, 8
MM, 394, 132, 8
MM, 400, 133, 8
MM, 404, 134, 7
MM, 410, 135, 8
MM, 414, 135, 8
MM, 420, 136, 8
MM, 429, 137, 8
MM, 433, 137, 8
MM, 439, 138, 8
MM, 443, 138, 8
MM, 446, 139, 8
MM, 448, 139, 8
MM, 450, 139, 8
MM, 452, 139, 8
MM, 453, 139, 8
MM, 454, 139, 8
MM, 455, 139, 8
MM, 456, 139, 8
MM, 457, 139, 23
MM, 458, 139, 24
MM, 457, 139, 48
MM, 456, 139, 8
MM, 455, 139, 4
MM, 454, 139, 12
MM, 455, 139, 23
MM, 456, 139, 8
MM, 457, 139, 24
MM, 458, 139, 8
MM, 459, 139, 8
MM, 460, 139, 9
MM, 461, 139, 7
MM, 463, 140, 8
MM, 465, 140, 8
MM, 466, 140, 7
MM, 468, 142, 8
MM, 469, 142, 16
MM, 468, 142, 135
MM, 464, 142, 16
MM, 460, 142, 8
MM, 456, 143, 8
MM, 450, 145, 8
MM, 445, 146, 8
MM, 436, 148, 7
MM, 424, 150, 8
MM, 412, 150, 8
MM, 402, 150, 8
MM, 392, 150, 8
MM, 384, 150, 8
MM, 378, 150, 8
MM, 377, 150, 8
MM, 375, 150, 8
MM, 374, 150, 8
MM, 373, 150, 8
MM, 372, 149, 8
MM, 371, 149, 8
MM, 369, 149, 8
MM, 368, 148, 7
MM, 362, 147, 8
MM, 356, 145, 8
MM, 350, 144, 8
MM, 345, 142, 8
MM, 340, 141, 8
MM, 337, 140, 8
MM, 336, 140, 8
MM, 336, 139, 24
MM, 336, 140, 182
MP, 1, 1
MR, 1, 238
MC, 1, 0
MP, 1, 72
MR, 1, 70
MC, 1, 0
MM, 343, 142, 1066
MM, 356, 149, 5
MM, 376, 160, 8
MM, 384, 168, 8
MM, 392, 173, 7
MM, 393, 178, 8
MM, 394, 181, 8
MM, 395, 182, 8
MM, 396, 183, 8
MM, 396, 184, 8
MM, 396, 185, 96
MM, 397, 187, 8
MM, 398, 189, 8
MM, 401, 192, 8
MM, 404, 196, 8
MM, 408, 201, 8
MM, 417, 206, 8
MM, 426, 212, 8
MM, 437, 218, 8
MM, 449, 230, 8
MM, 462, 239, 8
MM, 473, 247, 8
MM, 481, 256, 8
MM, 488, 263, 9
MM, 490, 270, 7
MM, 492, 276, 8
MM, 494, 282, 8
MM, 495, 288, 8
MM, 497, 294, 8
MM, 500, 302, 8
MM, 502, 310, 8
MM, 504, 318, 8
MM, 506, 320, 8
MM, 510, 324, 8
MM, 514, 328, 8
MM, 516, 330, 8
MM, 518, 331, 8
MM, 519, 332, 8
MM, 520, 332, 8
MM, 520, 333, 8
MWM, 520, 333, 1, 3, 1, 208
MWM, 520, 333, 1, 3, 1, 31
MWM, 520, 333, 1, 3, 1, 34
MWM, 520, 333, 1, 3, 1, 47
MWM, 520, 333, 1, 3, 1, 306
MWM, 520, 333, 1, 3, 1, 5
MWM, 520, 333, 1, 3, 1, 21
MWM, 520, 333, 1, 3, 1, 23
MWM, 520, 333, 1, 3, 1, 32
MWM, 520, 333, 1, 3, 1, 307
MWM, 520, 333, 1, 3, 1, 5
MWM, 520, 333, 1, 3, 1, 13
MWM, 520, 333, 1, 3, 1, 16
MWM, 520, 333, 1, 3, 1, 25
MWM, 520, 333, 1, 3, 1, 319
MWM, 520, 333, 1, 3, 1, 21
MWM, 520, 333, 1, 3, 1, 15
MWM, 520, 333, 1, 3, 1, 16
MWM, 520, 333, 1, 3, 1, 33
MWM, 520, 333, 1, 3, 1, 297
MWM, 520, 333, 1, 3, 1, 5
MWM, 520, 333, 1, 3, 1, 6
MWM, 520, 333, 1, 3, 1, 16
MWM, 520, 333, 1, 3, 1, 24
MWM, 520, 333, 1, 3, 1, 261
MWM, 520, 333, 1, 3, 1, 16
MWM, 520, 333, 1, 3, 1, 17
MWM, 520, 333, 1, 3, 1, 18
MWM, 520, 333, 1, 3, 1, 4
MWM, 520, 333, 1, 3, 1, 33
MWM, 520, 333, 1, 3, 1, 261
MWM, 520, 333, 1, 3, 1, 9
MWM, 520, 333, 1, 3, 1, 14
MWM, 520, 333, 1, 3, 1, 8
MWM, 520, 333, 1, 3, 1, 17
MWM, 520, 333, 1, 3, 1, 270
MWM, 520, 333, 1, 3, 1, 15
MWM, 520, 333, 1, 3, 1, 7
MWM, 520, 333, 1, 3, 1, 9
MWM, 520, 333, 1, 3, 1, 24
MWM, 520, 333, 1, 3, 1, 245
MWM, 520, 333, 1, 3, 1, 16
MWM, 520, 333, 1, 3, 1, 9
MWM, 520, 333, 1, 3, 1, 16
MWM, 520, 333, 1, 3, 1, 7
MWM, 520, 333, 1, 3, 1, 366
MWM, 520, 333, 1, 3, 1, 14
MWM, 520, 333, 1, 3, 1, 16
MWM, 520, 333, 1, 3, 1, 9
MWM, 520, 333, 1, 3, 1, 16
MWM, 520, 333, 1, 3, 1, 16
MWM, 520, 333, 1, 3, 1, 326
MWM, 520, 333, 1, 3, 1, 14
MWM, 520, 333, 1, 3, 1, 17
MWM, 520, 333, 1, 3, 1, 15
MWM, 520, 333, 1, 3, 1, 8
MWM, 520, 333, 1, 3, 1, 16
MM, 525, 333, 487
MM, 529, 331, 5
MM, 533, 324, 7
MM, 538, 318, 8
MM, 542, 313, 8
MM, 543, 310, 8
MM, 545, 307, 8
MM, 547, 303, 7
MM, 552, 296, 8
MM, 566, 280, 8
MM, 593, 259, 8
MM, 642, 245, 8
MM, 706, 230, 8
MM, 779, 212, 8
MM, 834, 191, 9
MM, 868, 177, 7
MM, 889, 162, 8
MM, 897, 159, 9
MM, 901, 157, 7
MM, 901, 156, 16
MM, 902, 154, 15
MM, 903, 152, 8
MM, 905, 148, 8
MM, 909, 141, 8
MM, 917, 129, 8
MM, 926, 115, 8
MM, 935, 105, 8
MM, 943, 99, 9
MM, 950, 93, 7
MM, 958, 87, 9
MM, 973, 82, 7
MM, 988, 81, 8
MM, 1009, 77, 8
MM, 1033, 75, 8
MM, 1058, 72, 7
MM, 1086, 68, 8
MM, 1112, 64, 9
MM, 1138, 58, 7
MM, 1160, 56, 9
MM, 1182, 52, 7
MM, 1196, 48, 10
MM, 1201, 48, 8
MM, 1201, 47, 6
MM, 1202, 47, 8
MM, 1202, 46, 8
MM, 1203, 46, 16
MM, 1198, 46, 103
MM, 1194, 46, 8
MM, 1190, 46, 8
MM, 1187, 46, 8
MM, 1182, 46, 8
MM, 1178, 46, 8
MM, 1175, 46, 8
MM, 1173, 46, 7
MM, 1171, 46, 8
MM, 1170, 46, 8
MM, 1169, 46, 8
MM, 1168, 46, 8
MM, 1167, 45, 8
MM, 1166, 45, 10
MM, 1165, 45, 10
MM, 1164, 45, 4
MM, 1163, 45, 16
MM, 1162, 45, 8
MM, 1161, 44, 16
MM, 1160, 43, 24
MM, 1159, 42, 15
MM, 1158, 42, 24
MM, 1158, 41, 8
MP, 1, 224
MR, 1, 39
MC, 1, 0
MM, 1156, 42, 166
MM, 1152, 46, 8
MM, 1146, 52, 10
MM, 1137, 61, 6
MM, 1125, 71, 8
MM, 1111, 80, 8
MM, 1095, 88, 8
MM, 1077, 98, 8
MM, 1057, 109, 8
MM, 1039, 120, 8
MM, 1021, 131, 8
MM, 1002, 142, 8
MM, 984, 151, 8
MM, 965, 157, 8
MM, 949, 159, 8
MM, 934, 162, 7
MM, 918, 165, 8
MM, 902, 168, 8
MM, 886, 168, 8
MM, 865, 170, 8
MM, 844, 170, 8
MM, 823, 170, 8
MM, 802, 170, 8
MM, 782, 170, 8
MM, 766, 170, 9
MM, 751, 170, 7
MM, 735, 170, 8
MM, 723, 170, 8
MM, 715, 165, 8
MM, 711, 165, 8
MM, 708, 164, 8
MM, 706, 163, 8
MM, 703, 163, 8
MM, 701, 163, 7
MM, 698, 163, 8
MM, 695, 162, 8
MM, 691, 161, 8
MM, 686, 161, 8
MM, 678, 159, 8
MM, 664, 157, 8
MM, 648, 154, 8
MM, 631, 152, 8
MM, 611, 149, 8
MM, 592, 147, 8
MM, 574, 147, 8
MM, 557, 145, 8
MM, 530, 145, 8
MM, 501, 143, 8
MM, 472, 143, 8
MM, 443, 139, 8
MM, 409, 136, 8
MM, 379, 132, 8
MM, 354, 129, 8
MM, 335, 126, 8
MM, 320, 123, 8
MM, 310, 123, 8
MM, 301, 123, 8
MM, 294, 123, 8
MM, 289, 125, 8
MM, 273, 128, 9
MM, 257, 132, 7
MM, 240, 134, 8
MM, 223, 137, 8
MM, 204, 139, 8
MM, 189, 141, 8
MM, 175, 143, 8
MM, 161, 143, 7
MM, 149, 145, 8
MM, 140, 147, 9
MM, 133, 147, 7
MM, 127, 149, 8
MM, 123, 151, 8
MM, 121, 152, 8
MM, 119, 152, 9
MM, 118, 153, 7
MM, 117, 154, 10
MM, 116, 155, 6
MM, 115, 156, 8
MM, 113, 158, 8
MM, 111, 161, 8
MM, 109, 163, 8
MM, 105, 168, 8
MM, 100, 173, 8
MM, 92, 182, 8
MM, 84, 190, 8
MM, 80, 195, 8
MM, 72, 202, 8
MM, 65, 208, 8
MM, 59, 213, 8
MM, 53, 223, 10
MM, 51, 230, 6
MM, 51, 236, 8
MM, 51, 242, 8
MM, 51, 248, 8
MM, 51, 252, 8
MM, 51, 255, 8
MM, 51, 259, 8
MM, 51, 262, 8
MM, 51, 265, 8
MM, 51, 267, 8
MM, 51, 269, 8
MM, 51, 270, 8
MM, 51, 271, 32
MM, 50, 272, 8
MM, 49, 274, 8
MM, 47, 276, 8
MM, 45, 280, 8
MM, 42, 286, 8
MM, 36, 295, 8
MM, 32, 300, 8
MM, 31, 302, 8
MM, 30, 305, 8
MM, 29, 308, 8
MM, 27, 310, 8
MM, 27, 311, 8
MM, 27, 312, 8
MM, 27, 313, 8
MM, 26, 314, 15
MM, 26, 315, 8
MM, 26, 316, 16
MM, 26, 318, 8
MM, 26, 320, 8
MM, 27, 321, 8
MM, 27, 323, 8
MM, 27, 325, 8
MM, 28, 328, 8
MM, 28, 330, 8
MM, 29, 332, 8
MM, 29, 333, 8
MM, 29, 335, 7
MM, 30, 340, 8
MM, 30, 349, 8
MM, 30, 361, 8
MM, 30, 373, 8
MM, 30, 383, 8
MM, 30, 392, 8
MM, 30, 397, 8
MM, 30, 402, 8
MM, 29, 409, 8
MM, 27, 415, 8
MM, 27, 421, 9
MM, 27, 426, 7
MM, 27, 432, 8
MM, 27, 438, 7
MM, 27, 444, 8
MM, 27, 450, 8
MM, 27, 457, 8
MM, 27, 463, 9
MM, 27, 475, 7
MM, 27, 485, 8
MM, 29, 495, 8
MM, 30, 503, 8
MM, 32, 511, 8
MM, 33, 518, 8
MM, 33, 525, 8
MM, 35, 531, 8
MM, 36, 532, 7
MM, 36, 533, 8
MM, 36, 534, 8
MM, 36, 535, 16
MM, 35, 535, 460
MM, 34, 534, 8
MM, 33, 534, 8
MM, 33, 537, 216
MM, 32, 542, 7
MM, 32, 550, 8
MM, 30, 556, 8
MM, 30, 562, 7
MM, 29, 564, 8
MM, 28, 566, 8
MM, 28, 568, 8
MM, 28, 570, 8
MM, 28, 572, 8
MM, 27, 576, 8
MM, 26, 579, 8
MM, 26, 581, 8
MM, 25, 583, 8
MM, 24, 583, 8
MM, 24, 584, 8
MM, 24, 585, 63
MM, 23, 585, 8
MM, 22, 587, 8
MM, 22, 588, 8
MM, 21, 589, 16
MM, 21, 590, 55
MM, 21, 591, 24
MM, 21, 592, 16
MM, 21, 594, 16
MM, 21, 595, 8
MM, 21, 596, 8
MM, 21, 601, 8
MM, 21, 603, 8
MM, 21, 607, 8
MM, 21, 610, 8
MM, 21, 612, 7
MM, 21, 614, 8
MM, 21, 616, 16
MM, 21, 617, 8
MM, 21, 618, 16
MM, 21, 619, 16
MM, 21, 615, 198
MM, 21, 609, 8
MM, 21, 590, 8
MM, 21, 580, 8
MM, 21, 571, 8
MM, 21, 565, 8
MM, 21, 563, 8
MM, 21, 560, 8
MM, 22, 557, 8
MM, 22, 552, 8
MM, 23, 549, 8
MM, 25, 546, 8
MM, 25, 544, 8
MM, 25, 543, 9
MM, 26, 541, 14
MM, 26, 540, 8
MM, 26, 538, 8
MM, 27, 536, 8
MM, 27, 534, 8
MM, 27, 533, 8
MM, 27, 531, 8
MM, 27, 528, 8
MM, 27, 526, 8
MM, 27, 524, 8
MM, 27, 521, 8
MM, 27, 520, 8
MM, 27, 514, 8
MM, 27, 509, 8
MM, 27, 505, 8
MM, 26, 500, 8
MM, 26, 495, 8
MM, 26, 494, 7
MM, 26, 493, 24
MP, 1, 191
MR, 1, 55
MC, 1, 0
MM, 26, 492, 382
MM, 26, 488, 6
MM, 28, 480, 8
MM, 28, 474, 8
MM, 30, 470, 8
MM, 30, 468, 8
MM, 30, 466, 8
MM, 30, 464, 9
MM, 30, 462, 7
MM, 30, 459, 8
MM, 30, 456, 8
MM, 30, 452, 8
MM, 30, 449, 8
MM, 30, 444, 8
MM, 30, 440, 8
MM, 29, 435, 8
MM, 29, 430, 8
MM, 29, 425, 8
MM, 29, 420, 7
MM, 29, 414, 8
MM, 29, 409, 8
MM, 27, 402, 8
MM, 27, 395, 8
MM, 25, 388, 8
MM, 25, 380, 8
MM, 25, 372, 8
MM, 25, 365, 8
MM, 24, 359, 8
MM, 24, 353, 8
MM, 24, 347, 8
MM, 24, 341, 8
MM, 24, 335, 8
MM, 24, 329, 8
MM, 24, 321, 8
MM, 24, 312, 8
MM, 22, 304, 8
MM, 22, 297, 8
MM, 22, 291, 8
MM, 22, 286, 8
MM, 22, 280, 8
MM, 22, 275, 8
MM, 22, 271, 8
MM, 22, 267, 8
MM, 22, 262, 8
MM, 22, 255, 8
MM, 22, 248, 8
MM, 22, 242, 8
MM, 22, 238, 8
MM, 22, 235, 8
MM, 22, 234, 8
MM, 22, 230, 8
MM, 22, 226, 8
MM, 23, 223, 8
MM, 23, 219, 8
MM, 23, 213, 8
MM, 23, 209, 9
MM, 24, 205, 7
MM, 24, 200, 8
MM, 24, 197, 8
MM, 24, 194, 8
MM, 24, 190, 8
MM, 24, 187, 7
MM, 24, 185, 8
MM, 24, 182, 8
MM, 24, 180, 8
MM, 24, 178, 8
MM, 24, 176, 8
MM, 24, 175, 8
MM, 24, 174, 8
MM, 24, 173, 8
MM, 24, 171, 9
MM, 24, 170, 7
MM, 24, 169, 8
MM, 24, 167, 8
MM, 24, 165, 7
MM, 24, 162, 8
MM, 23, 160, 8
MM, 23, 158, 8
MM, 23, 157, 8
MM, 23, 156, 8
MM, 22, 152, 8
MM, 22, 150, 8
MM, 22, 147, 8
MM, 22, 145, 8
MM, 22, 143, 8
MM, 22, 141, 8
MM, 22, 139, 8
MM, 22, 137, 8
MM, 22, 136, 7
MM, 22, 135, 8
MM, 22, 133, 8
MM, 22, 131, 8
MM, 22, 129, 8
MM, 22, 128, 8
MM, 22, 125, 8
MM, 22, 123, 8
MM, 22, 122, 8
MM, 22, 120, 8
MM, 22, 119, 8
MM, 22, 118, 8
MM, 22, 117, 8
MM, 22, 116, 8
MM, 22, 115, 7
MM, 22, 114, 8
MM, 22, 111, 8
MM, 22, 108, 8
MM, 22, 104, 8
MM, 22, 101, 8
MM, 22, 100, 8
MM, 22, 98, 8
MP, 1, 103
MR, 1, 72
MC, 1, 0
MM, 25, 98, 190
MM, 37, 110, 9
MM, 55, 126, 7
MM, 66, 132, 8
MM, 73, 137, 8
MM, 74, 137, 16
MM, 77, 138, 15
MM, 80, 138, 8
MM, 83, 139, 8
MM, 90, 139, 9
MM, 106, 141, 7
MM, 141, 141, 8
MM, 196, 141, 8
MM, 266, 144, 9
MM, 337, 150, 7
MM, 393, 159, 8
MM, 442, 168, 8
MM, 475, 170, 8
MM, 495, 174, 8
MM, 504, 174, 8
MM, 506, 174, 56
MM, 507, 174, 15
MM, 507, 173, 8
MM, 508, 173, 8
MM, 510, 173, 8
MM, 511, 173, 8
MM, 513, 172, 8
MM, 515, 172, 8
MM, 516, 171, 8
MM, 519, 170, 8
MM, 520, 170, 8
MM, 521, 170, 8
MM, 526, 168, 79
MM, 529, 167, 8
MM, 533, 165, 8
MM, 537, 164, 8
MM, 545, 162, 8
MM, 554, 162, 8
MM, 566, 160, 8
MM, 578, 160, 7
MM, 590, 160, 8
MM, 600, 160, 8
MM, 605, 160, 8
MM, 608, 160, 8
MM, 609, 160, 8
MM, 611, 160, 8
MM, 612, 160, 8
MM, 613, 160, 8
MM, 615, 160, 8
MM, 615, 159, 8
MM, 616, 159, 8
MM, 618, 159, 9
MM, 619, 158, 7
MM, 620, 157, 7
MM, 621, 157, 8
MM, 623, 156, 8
MM, 623, 155, 8
MM, 624, 155, 8
MM, 625, 154, 8
MM, 627, 153, 56
MM, 628, 152, 8
MM, 630, 150, 7
MM, 634, 147, 8
MM, 637, 145, 8
MM, 640, 143, 8
MM, 642, 141, 8
MM, 643, 140, 8
MP, 1, 103
MR, 1, 64
MC, 1, 0
MP, 1, 71
MR, 1, 87
MC, 2, 0
MM, 644, 143, 670
MM, 655, 162, 5
MM, 686, 197, 7
MM, 737, 232, 8
MM, 788, 262, 8
MM, 847, 285, 8
MM, 907, 299, 8
MM, 971, 314, 8
MM, 1040, 328, 8
MM, 1110, 343, 8
MM, 1180, 354, 8
MM, 1242, 358, 8
MM, 1303, 358, 8
MM, 1361, 358, 9
MM, 1365, 362, 12
MM, 1365, 362, 4
MM, 1365, 362, 6
MM, 1365, 362, 8
MM, 1365, 362, 72
MM, 1365, 359, 8
MM, 1365, 356, 8
MM, 1365, 347, 8
MM, 1365, 335, 8
MM, 1365, 324, 8
MM, 1365, 316, 8
MM, 1365, 314, 8
MM, 1365, 310, 8
MM, 1365, 308, 8
MM, 1365, 306, 8
MM, 1365, 303, 8
MM, 1365, 301, 8
MM, 1365, 301, 8
MM, 1365, 301, 24
MM, 1365, 300, 8
MM, 1365, 298, 8
MM, 1365, 296, 8
MM, 1365, 291, 8
MM, 1365, 285, 8
MM, 1365, 276, 8
MM, 1365, 267, 8
MM, 1365, 258, 8
MM, 1365, 254, 8
MM, 1365, 251, 8
MM, 1365, 247, 8
MM, 1365, 236, 8
MM, 1365, 225, 10
MM, 1365, 213, 7
MM, 1365, 201, 7
MM, 1365, 189, 8
MM, 1365, 181, 8
MM, 1365, 173, 8
MM, 1365, 166, 8
MM, 1365, 162, 8
MM, 1365, 160, 8
MM, 1365, 159, 16
MM, 1365, 157, 8
MM, 1365, 156, 8
MM, 1365, 154, 8
MM, 1365, 152, 8
MM, 1365, 149, 8
MM, 1365, 147, 8
MM, 1365, 145, 8
MM, 1365, 143, 8
MM, 1365, 142, 8
MM, 1365, 141, 8
MM, 1365, 140, 8
MM, 1365, 139, 24
MM, 1365, 138, 16
MM, 1365, 137, 8
MM, 1365, 136, 16
MM, 1365, 135, 16
MM, 1365, 134, 8
MM, 1365, 131, 8
MM, 1365, 127, 8
MM, 1365, 124, 8
MM, 1365, 121, 7
MM, 1365, 118, 8
MM, 1365, 117, 8
MM, 1365, 115, 8
MM, 1365, 111, 8
MM, 1365, 109, 8
MM, 1365, 106, 8
MM, 1365, 103, 8
MM, 1365, 100, 8
MM, 1365, 98, 8
MM, 1365, 97, 8
MM, 1365, 96, 8
MM, 1365, 95, 8
MM, 1365, 92, 112
MM, 1365, 90, 8
MM, 1365, 88, 8
MM, 1365, 86, 8
MM, 1365, 85, 8
MM, 1365, 84, 8
MM, 1365, 83, 8
MM, 1365, 82, 15
MM, 1365, 81, 8
MM, 1365, 80, 16
MM, 1364, 79, 135
MM, 1364, 78, 8
MM, 1363, 77, 16
MM, 1362, 76, 8
MM, 1362, 75, 31
MM, 1361, 75, 8
MM, 1360, 75, 127
MM, 1359, 75, 24
MM, 1358, 75, 48
MP, 1, 111
MD, 1358, 76, 87
MD, 1358, 77, 9
MD, 1359, 79, 18
MD, 1360, 82, 5
MD, 1361, 85, 8
MD, 1362, 89, 8
MD, 1362, 91, 8
MD, 1363, 94, 7
MD, 1364, 97, 8
MD, 1364, 99, 8
MD, 1364, 102, 8
MD, 1364, 103, 8
MD, 1364, 104, 8
MD, 1365, 106, 8
MD, 1365, 107, 8
MD, 1365, 108, 8
MD, 1365, 110, 8
MD, 1365, 111, 8
MD, 1365, 113, 8
MD, 1365, 114, 8
MD, 1365, 115, 8
MD, 1365, 116, 8
MD, 1365, 117, 10
MD, 1365, 119, 6
MD, 1365, 120, 10
MD, 1365, 122, 13
MD, 1365, 124, 8
MD, 1365, 125, 8
MD, 1365, 126, 8
MD, 1365, 128, 8
MD, 1365, 129, 8
MD, 1365, 130, 11
MD, 1365, 131, 5
MD, 1365, 136, 8
MD, 1365, 138, 8
MD, 1365, 140, 9
MD, 1365, 142, 7
MD, 1365, 143, 7
MD, 1365, 146, 8
MD, 1365, 148, 8
MD, 1365, 149, 8
MD, 1365, 151, 8
MD, 1365, 153, 8
MD, 1365, 156, 8
MD, 1365, 158, 8
MD, 1365, 159, 8
MD, 1365, 162, 8
MD, 1365, 163, 8
MD, 1365, 167, 8
MD, 1365, 170, 8
MD, 1365, 173, 7
MD, 1365, 177, 8
MD, 1365, 180, 8
MD, 1365, 183, 8
MD, 1365, 185, 8
MD, 1365, 187, 8
MD, 1365, 189, 8
MD, 1365, 190, 8
MD, 1365, 193, 8
MD, 1365, 194, 9
MD, 1365, 196, 7
MD, 1365, 197, 8
MD, 1365, 199, 8
MD, 1365, 202, 8
MD, 1365, 204, 7
MD, 1365, 208, 8
MD, 1365, 211, 8
MD, 1365, 214, 8
MD, 1365, 218, 8
MD, 1365, 221, 8
MD, 1365, 225, 8
MD, 1365, 229, 8
MD, 1365, 234, 8
MD, 1365, 239, 8
MD, 1365, 243, 8
MD, 1365, 247, 8
MD, 1365, 250, 8
MD, 1365, 253, 8
MD, 1365, 256, 7
MD, 1365, 257, 8
MD, 1365, 260, 8
MD, 1365, 262, 8
MD, 1365, 263, 8
MD, 1365, 266, 8
MD, 1365, 269, 8
MD, 1365, 272, 8
MD, 1365, 274, 9
MD, 1365, 277, 7
MD, 1365, 282, 8
MD, 1365, 285, 8
MD, 1365, 289, 15
MD, 1365, 292, 2
MD, 1365, 295, 7
MD, 1365, 298, 7
MD, 1365, 303, 8
MD, 1365, 306, 8
MD, 1365, 308, 8
MD, 1365, 311, 8
MD, 1365, 312, 8
MD, 1365, 315, 8
MD, 1365, 318, 8
MD, 1365, 319, 8
MD, 1365, 322, 8
MD, 1365, 324, 8
MD, 1365, 327, 8
MD, 1365, 329, 10
MD, 1365, 330, 6
MD, 1365, 332, 8
MD, 1365, 333, 7
MD, 1365, 334, 8
MD, 1365, 335, 8
MD, 1365, 337, 8
MD, 1365, 338, 8
MD, 1365, 339, 8
MD, 1365, 341, 8
MD, 1365, 342, 8
MD, 1365, 343, 48
MD, 1363, 339, 55
MD, 1361, 336, 9
MD, 1358, 333, 7
MR, 1, 1
MM, 1356, 330, 7
MM, 1355, 327, 8
MM, 1353, 324, 8
MM, 1352, 320, 8
MM, 1351, 317, 9
MM, 1349, 313, 7
MM, 1348, 310, 8
MM, 1347, 308, 7
MM, 1346, 304, 8
MM, 1346, 302, 8
MM, 1344, 298, 8
MM, 1344, 293, 8
MM, 1344, 290, 8
MM, 1343, 285, 8
MM, 1343, 280, 8
MM, 1343, 274, 8
MM, 1343, 269, 8
MM, 1343, 262, 8
MM, 1345, 255, 8
MM, 1345, 248, 8
MM, 1346, 241, 8
MM, 1348, 235, 8
MM, 1348, 232, 8
MM, 1348, 230, 7
MM, 1349, 229, 8
MM, 1349, 227, 8
MM, 1349, 226, 16
MM, 1349, 225, 24
MM, 1350, 224, 8
MM, 1350, 223, 8
MM, 1351, 222, 8
MM, 1352, 219, 16
MM, 1353, 217, 8
MM, 1353, 214, 7
MM, 1355, 211, 8
MM, 1356, 209, 9
MM, 1356, 206, 7
MM, 1357, 204, 8
MM, 1358, 202, 8
MM, 1358, 200, 8
MM, 1358, 198, 8
MM, 1359, 195, 8
MM, 1359, 193, 8
MM, 1359, 190, 11
MM, 1359, 189, 5
MM, 1359, 187, 8
MM, 1359, 185, 8
MM, 1359, 184, 8
MM, 1359, 182, 7
MM, 1359, 180, 8
MM, 1359, 178, 8
MM, 1359, 175, 9
MM, 1359, 172, 7
MM, 1359, 169, 8
MM, 1359, 167, 8
MM, 1359, 164, 8
MM, 1359, 162, 8
MM, 1359, 159, 8
MM, 1358, 157, 8
MM, 1358, 155, 8
MM, 1358, 154, 9
MM, 1358, 153, 6
MM, 1358, 151, 8
MM, 1358, 150, 8
MM, 1358, 149, 16
MM, 1358, 148, 8
MM, 1358, 147, 40
MM, 1358, 146, 10
MM, 1358, 145, 21
MM, 1358, 144, 32
MM, 1358, 143, 8
MM, 1358, 142, 24
MM, 1358, 141, 24
MM, 1358, 140, 8
MM, 1358, 139, 8
MM, 1358, 138, 7
MM, 1358, 137, 8
MM, 1358, 136, 8
MM, 1358, 134, 16
MP, 1, 66
MD, 1358, 135, 30
MD, 1358, 137, 31
MD, 1358, 138, 16
MD, 1358, 139, 8
MD, 1359, 143, 8
MD, 1359, 147, 8
MD, 1359, 149, 10
MD, 1359, 153, 8
MD, 1359, 155, 6
MD, 1359, 159, 8
MD, 1359, 162, 8
MD, 1359, 164, 8
MD, 1359, 167, 8
MD, 1359, 169, 7
MD, 1359, 171, 8
MD, 1359, 174, 8
MD, 1359, 176, 8
MD, 1359, 178, 8
MD, 1359, 180, 8
MD, 1359, 183, 8
MD, 1359, 186, 8
MD, 1359, 187, 8
MD, 1359, 189, 8
MD, 1359, 191, 8
MD, 1359, 193, 8
MD, 1359, 195, 8
MD, 1359, 197, 8
MD, 1359, 199, 8
MD, 1359, 203, 8
MD, 1359, 205, 7
MD, 1358, 207, 8
MD, 1358, 210, 8
MD, 1358, 213, 8
MD, 1358, 216, 8
MD, 1358, 218, 8
MD, 1358, 221, 8
MD, 1358, 226, 8
MD, 1358, 228, 8
MD, 1358, 232, 8
MD, 1358, 234, 8
MD, 1358, 236, 8
MD, 1358, 237, 8
MD, 1358, 238, 8
MD, 1358, 239, 8
MD, 1358, 238, 95
MD, 1357, 232, 16
MD, 1356, 229, 7
MD, 1356, 225, 8
MR, 1, 1
MM, 1355, 222, 13
MM, 1354, 217, 2
MM, 1352, 211, 8
MM, 1352, 206, 10
MM, 1351, 203, 6
MM, 1351, 199, 8
MM, 1350, 195, 8
MM, 1350, 193, 8
MM, 1350, 191, 10
MM, 1350, 190, 6
MM, 1350, 188, 8
MM, 1349, 186, 7
MM, 1349, 185, 8
MM, 1349, 182, 8
MM, 1349, 181, 8
MM, 1349, 178, 8
MM, 1349, 176, 8
MM, 1349, 175, 8
MM, 1349, 174, 8
MM, 1349, 173, 8
MM, 1349, 171, 8
MM, 1349, 169, 24
MM, 1349, 168, 7
MM, 1349, 167, 8
MM, 1350, 166, 8
MM, 1350, 164, 8
MM, 1350, 163, 8
MM, 1351, 162, 8
MM, 1352, 160, 8
MM, 1352, 158, 8
MM, 1353, 155, 8
MM, 1354, 153, 8
MM, 1354, 151, 8
MM, 1355, 149, 8
MM, 1356, 147, 8
MM, 1357, 145, 8
MM, 1358, 143, 8
MM, 1358, 141, 8
MM, 1360, 139, 7
MM, 1361, 138, 8
MM, 1361, 137, 8
MM, 1361, 136, 8
MM, 1361, 135, 24
MM, 1362, 135, 8
MP, 1, 207
MD, 1362, 136, 39
MD, 1362, 137, 16
MD, 1363, 138, 8
MD, 1364, 142, 8
MD, 1364, 144, 10
MD, 1364, 147, 6
MD, 1364, 150, 8
MD, 1364, 153, 7
MD, 1364, 155, 8
MD, 1364, 157, 8
MD, 1364, 159, 9
MD, 1364, 160, 7
MD, 1364, 162, 8
MD, 1364, 163, 8
MD, 1364, 165, 11
MD, 1364, 167, 5
MD, 1364, 168, 11
MD, 1364, 169, 5
MD, 1364, 170, 8
MD, 1364, 171, 8
MD, 1364, 173, 8
MD, 1364, 174, 8
MD, 1364, 175, 8
MD, 1364, 176, 7
MD, 1364, 178, 9
MD, 1364, 179, 15
MD, 1364, 180, 8
MD, 1364, 183, 79
MD, 1364, 186, 10
MD, 1364, 189, 6
MD, 1364, 191, 8
MD, 1364, 195, 8
MD, 1364, 198, 8
MD, 1364, 202, 8
MD, 1364, 206, 9
MD, 1364, 209, 7
MD, 1363, 213, 8
MD, 1363, 216, 8
MD, 1363, 218, 8
MD, 1363, 221, 8
MD, 1363, 224, 8
MD, 1362, 227, 8
MD, 1362, 230, 7
MD, 1362, 232, 8
MD, 1362, 234, 8
MD, 1362, 235, 11
MD, 1362, 237, 6
MD, 1362, 238, 7
MD, 1362, 240, 9
MD, 1362, 242, 7
MD, 1362, 244, 8
MD, 1362, 245, 8
MD, 1362, 248, 8
MD, 1363, 251, 8
MD, 1363, 254, 7
MD, 1363, 257, 9
MD, 1363, 261, 7
MD, 1363, 264, 8
MD, 1363, 269, 8
MD, 1363, 273, 8
MD, 1363, 278, 8
MD, 1363, 283, 8
MD, 1364, 290, 9
MD, 1364, 301, 8
MD, 1364, 312, 7
MD, 1364, 323, 8
MD, 1365, 334, 8
MD, 1365, 344, 8
MD, 1365, 358, 8
MD, 1365, 372, 7
MD, 1365, 385, 8
MD, 1365, 398, 10
MD, 1365, 411, 6
MD, 1365, 424, 8
MD, 1365, 438, 8
MD, 1365, 452, 8
MD, 1362, 466, 8
MD, 1360, 484, 8
MD, 1358, 499, 8
MD, 1356, 513, 8
MD, 1356, 527, 8
MD, 1354, 541, 8
MD, 1354, 555, 9
MD, 1351, 569, 7
MD, 1351, 583, 7
MD, 1351, 597, 8
MD, 1349, 611, 9
MD, 1347, 627, 7
MD, 1347, 641, 8
MD, 1345, 655, 9
MD, 1345, 667, 7
MD, 1343, 679, 8
MD, 1343, 691, 8
MD, 1343, 702, 8
MD, 1343, 714, 8
MD, 1343, 725, 8
MD, 1343, 736, 8
MD, 1343, 747, 9
MD, 1343, 756, 7
MD, 1343, 765, 7
MD, 1343, 767, 8
MD, 1343, 767, 8
MD, 1343, 767, 8
MD, 1343, 767, 8
MD, 1343, 767, 8
MD, 1343, 767, 8
MD, 1343, 767, 8
MD, 1343, 767, 8
MD, 1343, 767, 16
MD, 1343, 767, 16
MR, 1, 103
MM, 1340, 767, 111
MM, 1332, 767, 8
MM, 1317, 767, 8
MM, 1298, 767, 8
MM, 1280, 767, 8
MM, 1264, 767, 4
MM, 1248, 764, 12
MM, 1236, 764, 8
MM, 1224, 761, 7
MM, 1210, 759, 8
MM, 1196, 755, 8
MM, 1177, 750, 8
MM, 1158, 744, 8
MM, 1139, 739, 8
MM, 1119, 733, 9
MM, 1095, 727, 7
MM, 1072, 721, 8
MM, 1051, 715, 8
MM, 1031, 709, 8
MM, 1010, 706, 8
MM, 986, 703, 7
MM, 965, 700, 8
MM, 943, 698, 8
MM, 920, 695, 8
MM, 898, 695, 8
MM, 869, 691, 8
MM, 846, 687, 8
MM, 822, 684, 8
MM, 799, 681, 8
MM, 776, 679, 9
MM, 752, 674, 7
MM, 732, 670, 4
MM, 714, 668, 12
MM, 698, 665, 8
MM, 679, 663, 7
MM, 657, 659, 8
MM, 635, 652, 8
MM, 610, 646, 10
MM, 582, 639, 6
MM, 547, 632, 8
MM, 518, 625, 8
MM, 489, 618, 8
MM, 460, 611, 8
MM, 427, 604, 9
MM, 393, 597, 8
MM, 374, 589, 7
MM, 359, 583, 8
MM, 346, 577, 8
MM, 333, 574, 7
MM, 325, 572, 8
MM, 320, 572, 8
MM, 318, 572, 8
MM, 317, 572, 9
MM, 316, 572, 7
MM, 315, 572, 24
MM, 314, 572, 8
MM, 313, 572, 9
MM, 311, 573, 7
MM, 308, 574, 8
MM, 304, 576, 9
MM, 301, 577, 6
MM, 298, 578, 8
MM, 296, 579, 8
MM, 295, 579, 16
MM, 306, 575, 326
MM, 356, 563, 7
MM, 437, 558, 8
MM, 479, 553, 8
MM, 495, 553, 8
MM, 502, 553, 8
MM, 505, 553, 8
MM, 507, 553, 8
MM, 512, 552, 8
MM, 523, 550, 8
MM, 538, 550, 8
MM, 555, 550, 8
MM, 569, 550, 8
MM, 574, 550, 8
MM, 575, 550, 8
MM, 574, 550, 16
MM, 573, 551, 8
MM, 571, 551, 8
MM, 568, 552, 8
MM, 565, 554, 8
MM, 562, 556, 9
MM, 557, 557, 7
MM, 552, 558, 9
MM, 542, 560, 6
MM, 531, 562, 8
MM, 519, 565, 8
MM, 503, 568, 8
MM, 486, 573, 8
MM, 468, 578, 8
MM, 457, 578, 9
MM, 443, 578, 7
MM, 426, 576, 8
MM, 412, 573, 8
MM, 402, 570, 8
MM, 393, 562, 8
MM, 379, 553, 8
MM, 364, 538, 7
MM, 348, 510, 8
MM, 333, 479, 8
MM, 321, 441, 8
MM, 310, 395, 8
MM, 303, 363, 8
MM, 295, 335, 9
MM, 292, 313, 9
MM, 292, 283, 6
MM, 292, 254, 8
MM, 292, 222, 8
MM, 296, 191, 8
MM, 304, 154, 8
MM, 312, 124, 8
MM, 320, 97, 7
MM, 328, 73, 8
MM, 330, 57, 8
MM, 333, 43, 8
MM, 333, 31, 8
MM, 333, 26, 8
MM, 333, 22, 8
MM, 332, 20, 10
MM, 332, 19, 6
MM, 331, 17, 8
MM, 330, 17, 16
MM, 329, 17, 11
MM, 327, 17, 5
MM, 324, 17, 7
MM, 321, 18, 8
MM, 317, 20, 8
MM, 312, 22, 8
MM, 305, 25, 8
MM, 299, 27, 8
MM, 295, 28, 8
MM, 292, 30, 8
MM, 290, 31, 9
MM, 287, 33, 7
MM, 284, 35, 9
MM, 283, 36, 7
MM, 280, 39, 8
MM, 277, 40, 8
MM, 273, 43, 8
MM, 259, 49, 7
MM, 246, 54, 8
MM, 238, 58, 8
MM, 234, 58, 8
MM, 231, 59, 8
MM, 230, 60, 8
MM, 231, 60, 16
MM, 232, 60, 8
MM, 233, 60, 8
MM, 239, 60, 8
MM, 244, 60, 8
MM, 249, 59, 8
MM, 263, 55, 8
MM, 280, 50, 8
MM, 306, 45, 8
MM, 349, 45, 7
MM, 433, 45, 11
MM, 540, 45, 5
MM, 632, 45, 8
MM, 708, 45, 8
MM, 783, 45, 8
MM, 829, 41, 8
MM, 867, 37, 8
MM, 883, 32, 8
MM, 884, 29, 8
MM, 885, 29, 8
MM, 885, 28, 8
MM, 886, 27, 8
MM, 886, 26, 16
MM, 886, 25, 8
MM, 886, 24, 7
MM, 887, 24, 143
MM, 892, 24, 8
MM, 901, 24, 8
MM, 917, 26, 10
MM, 934, 29, 6
MM, 959, 33, 9
MM, 983, 39, 7
MM, 1007, 45, 8
MM, 1028, 52, 9
MM, 1050, 54, 7
MM, 1070, 58, 9
MM, 1083, 61, 7
MM, 1091, 63, 8
MM, 1095, 65, 8
MM, 1095, 66, 8
MM, 1096, 66, 129
MM, 1098, 65, 5
MM, 1102, 63, 8
MM, 1108, 59, 8
MM, 1116, 55, 8
MM, 1123, 50, 8
MM, 1131, 46, 8
MM, 1139, 42, 8
MM, 1147, 37, 8
MM, 1153, 33, 8
MM, 1159, 31, 8
MM, 1165, 27, 8
MM, 1169, 25, 8
MM, 1173, 23, 7
MM, 1177, 21, 8
MM, 1180, 20, 9
MM, 1182, 18, 7
MM, 1183, 17, 8
MM, 1185, 17, 8
MM, 1186, 16, 8
MM, 1188, 16, 8
MM, 1189, 16, 8
MM, 1190, 16, 8
MM, 1192, 16, 8
MM, 1193, 16, 8
MM, 1194, 16, 8
MM, 1196, 16, 8
MM, 1197, 16, 7
MM, 1198, 16, 8
MM, 1199, 16, 16
MM, 1200, 16, 8
MM, 1202, 16, 16
MM, 1203, 16, 8
MM, 1204, 16, 16
MM, 1206, 16, 8
MM, 1207, 16, 8
MM, 1208, 16, 8
MM, 1210, 17, 8
MM, 1211, 17, 7
MM, 1212, 18, 8
MM, 1213, 18, 8
MM, 1216, 20, 11
MM, 1218, 21, 5
MM, 1219, 21, 8
MM, 1220, 22, 8
MM, 1221, 23, 8
MM, 1222, 25, 16
MM, 1222, 26, 8
MM, 1222, 27, 16
MM, 1222, 28, 8
MM, 1222, 29, 7
MM, 1222, 30, 8
MM, 1223, 31, 8
MM, 1223, 32, 8
MM, 1224, 33, 8
MM, 1224, 34, 8
MM, 1225, 36, 8
MM, 1226, 37, 8
MM, 1226, 38, 16
MM, 1227, 39, 8
MM, 1228, 40, 16
MM, 1229, 41, 8
MM, 1230, 42, 23
MM, 1231, 43, 24
MM, 1232, 44, 32
MM, 1233, 44, 71
MP, 1, 175
MR, 1, 111
MC, 1, 0
MM, 1232, 45, 103
MM, 1231, 47, 18
MM, 1230, 49, 6
MM, 1228, 52, 9
MM, 1227, 55, 7
MM, 1226, 58, 8
MM, 1225, 62, 7
MM, 1224, 65, 8
MM, 1223, 68, 9
MM, 1222, 71, 7
MM, 1221, 72, 8
MM, 1221, 77, 8
MM, 1223, 83, 8
MM, 1227, 96, 8
MM, 1231, 108, 8
MM, 1236, 120, 8
MM, 1240, 131, 8
MM, 1242, 145, 8
MM, 1242, 157, 8
MM, 1240, 167, 8
MM, 1236, 177, 7
MM, 1231, 183, 8
MM, 1225, 191, 8
MM, 1218, 200, 8
MM, 1212, 206, 8
MM, 1201, 215, 8
MM, 1179, 233, 8
MM, 1152, 250, 8
MM, 1128, 264, 8
MM, 1104, 275, 8
MM, 1081, 283, 8
MM, 1054, 292, 8
MM, 1032, 299, 8
MM, 1013, 301, 8
MM, 1002, 304, 7
MM, 982, 304, 8
MM, 965, 304, 8
MM, 947, 304, 8
MM, 930, 304, 8
MM, 908, 304, 8
MM, 885, 301, 8
MM, 863, 297, 8
MM, 839, 293, 8
MM, 807, 287, 8
MM, 773, 275, 8
MM, 738, 262, 8
MM, 699, 249, 8
MM, 655, 230, 8
MM, 613, 209, 8
MM, 573, 191, 7
MM, 532, 173, 8
MM, 485, 155, 8
MM, 441, 139, 8
MM, 403, 122, 9
MM, 368, 109, 7
MM, 336, 96, 8
MM, 318, 88, 8
MM, 302, 81, 8
MM, 288, 75, 8
MM, 274, 68, 8
MM, 259, 65, 8
MM, 245, 59, 8
MM, 230, 52, 8
MM, 212, 42, 8
MM, 197, 33, 8
MM, 183, 27, 7
MM, 173, 21, 8
MM, 163, 15, 8
MM, 155, 13, 8
MM, 149, 10, 8
MM, 144, 8, 8
MM, 136, 7, 8
MM, 128, 5, 8
MM, 118, 2, 8
MM, 108, 0, 8
MM, 97, 0, 9
MM, 87, 0, 7
MM, 79, 0, 8
MM, 71, 0, 8
MM, 65, 0, 8
MM, 60, 0, 8
MM, 56, 0, 8
MM, 54, 0, 7
MM, 53, 0, 9
MM, 51, 0, 8
MM, 50, 0, 8
MM, 49, 0, 7
MM, 47, 0, 8
MM, 46, 0, 8
MM, 44, 0, 8
MM, 42, 0, 8
MM, 40, 0, 8
MM, 39, 0, 8
MM, 37, 0, 8
MM, 37, 0, 8
MM, 36, 0, 47
MM, 36, 1, 8
MP, 1, 326
MR, 1, 104
MC, 1, 0
MM, 36, 2, 141
MM, 40, 8, 8
MM, 52, 39, 8
MM, 79, 76, 8
MM, 112, 109, 8
MM, 146, 142, 8
MM, 183, 158, 8
MM, 215, 167, 8
MM, 240, 178, 8
MM, 260, 189, 8
MM, 276, 197, 7
MM, 288, 199, 8
MM, 297, 201, 9
MM, 304, 203, 8
MM, 311, 205, 8
MM, 317, 205, 7
MM, 323, 205, 8
MM, 330, 205, 8
MM, 336, 208, 8
MM, 342, 208, 8
MM, 348, 209, 8
MM, 355, 211, 8
MM, 361, 214, 8
MM, 370, 216, 8
MM, 381, 220, 8
MM, 392, 225, 8
MM, 402, 229, 8
MM, 411, 231, 8
MM, 421, 233, 7
MM, 431, 233, 9
MM, 445, 228, 8
MM, 459, 228, 8
MM, 471, 228, 8
MM, 482, 228, 8
MM, 493, 228, 8
MM, 508, 228, 8
MM, 519, 228, 8
MM, 528, 228, 8
MM, 535, 230, 8
MM, 540, 230, 8
MM, 546, 230, 8
MM, 547, 230, 11
MM, 549, 230, 5
MM, 552, 230, 8
MM, 554, 230, 8
MM, 558, 229, 7
MM, 560, 229, 8
MM, 563, 228, 8
MM, 564, 227, 8
MM, 565, 227, 8
MM, 566, 227, 16
MM, 567, 227, 32
MM, 568, 227, 17
MM, 569, 228, 15
MM, 571, 229, 8
MM, 576, 235, 16
MM, 581, 237, 8
MM, 585, 239, 8
MM, 588, 241, 8
MM, 592, 243, 8
MM, 596, 245, 8
MM, 600, 247, 8
MM, 604, 249, 7
MM, 608, 252, 8
MM, 612, 256, 8
MM, 616, 260, 8
MM, 619, 264, 8
MM, 623, 268, 8
MM, 627, 275, 8
MM, 631, 284, 8
MM, 635, 292, 8
MM, 640, 298, 8
MM, 644, 304, 8
MM, 648, 310, 9
MM, 652, 316, 7
MM, 654, 320, 7
MM, 657, 324, 10
MM, 658, 325, 6
MM, 658, 326, 9
MM, 659, 326, 15
MM, 663, 329, 994
MM, 673, 336, 6
MM, 691, 348, 8
MM, 703, 355, 8
MM, 710, 360, 8
MM, 712, 362, 8
MM, 715, 364, 8
MM, 716, 366, 8
MM, 718, 367, 7
MM, 720, 369, 8
MM, 722, 370, 8
MM, 725, 371, 8
MM, 727, 373, 8
MM, 730, 375, 8
MM, 733, 377, 8
MM, 736, 380, 11
MM, 739, 383, 5
MM, 742, 387, 8
MM, 745, 391, 8
MM, 748, 396, 8
MM, 749, 401, 8
MM, 750, 406, 8
MM, 751, 410, 8
MM, 751, 414, 8
MM, 751, 420, 8
MM, 751, 426, 9
MM, 751, 432, 7
MM, 750, 433, 8
MM, 750, 434, 9
MM, 749, 434, 10
MM, 747, 434, 5
MM, 745, 434, 8
MM, 743, 435, 8
MM, 739, 435, 8
MM, 735, 435, 8
MM, 730, 435, 7
MM, 726, 432, 8
MM, 722, 428, 8
MM, 712, 416, 9
MM, 699, 400, 7
MM, 686, 385, 8
MM, 672, 369, 8
MM, 656, 353, 8
MM, 633, 330, 8
MM, 610, 307, 12
MM, 584, 283, 4
MM, 554, 260, 9
MM, 524, 236, 8
MM, 495, 213, 7
MM, 475, 197, 7
MM, 462, 186, 9
MM, 454, 178, 7
MM, 452, 172, 9
MM, 450, 166, 7
MM, 450, 163, 8
MM, 450, 161, 8
MM, 450, 159, 8
MM, 450, 156, 8
MM, 451, 154, 9
MM, 451, 153, 15
MM, 451, 152, 23
MM, 450, 150, 16
MM, 449, 149, 8
MM, 448, 148, 8
MM, 448, 147, 8
MM, 442, 142, 8
MM, 437, 139, 8
MM, 432, 136, 9
MM, 428, 134, 7
MM, 423, 132, 8
MM, 419, 131, 8
MM, 417, 131, 8
MM, 411, 131, 7
MM, 405, 133, 8
MM, 402, 134, 8
MM, 397, 136, 8
MM, 393, 139, 8
MM, 384, 144, 8
MM, 375, 149, 8
MM, 366, 153, 8
MM, 357, 155, 8
MM, 348, 155, 8
MM, 340, 155, 8
MM, 332, 155, 9
MM, 326, 155, 8
MM, 321, 152, 7
MM, 315, 152, 7
MM, 307, 152, 8
MM, 299, 150, 8
MM, 289, 148, 8
MM, 279, 146, 8
MM, 264, 138, 8
MM, 257, 133, 8
MM, 254, 129, 8
MM, 253, 129, 8
MM, 251, 128, 8
MM, 250, 127, 10
MM, 249, 125, 6
MM, 247, 123, 8
MM, 244, 120, 8
MM, 243, 117, 8
MM, 241, 115, 8
MM, 239, 112, 7
MM, 238, 110, 8
MM, 237, 108, 8
MM, 235, 106, 8
MM, 234, 105, 8
MM, 233, 105, 8
MM, 232, 105, 8
MM, 230, 104, 8
MM, 229, 104, 8
MM, 228, 104, 9
MM, 227, 104, 7
MM, 226, 104, 24
MM, 225, 103, 55
MM, 223, 101, 20
MM, 222, 99, 4
MM, 220, 96, 8
MM, 218, 94, 8
MM, 217, 93, 8
MM, 216, 92, 8
MM, 215, 92, 8
MM, 214, 91, 16
MM, 214, 90, 39
MM, 213, 88, 16
MM, 212, 87, 8
MM, 211, 85, 8
MM, 210, 83, 8
MM, 209, 82, 16
MM, 209, 81, 8
MM, 208, 79, 8
MM, 207, 78, 8
MM, 207, 77, 16
MM, 206, 77, 33
MM, 206, 75, 14
MM, 205, 74, 8
MM, 205, 73, 8
MM, 204, 72, 8
MP, 1, 128
MR, 1, 62
MC, 1, 0
MM, 208, 75, 262
MM, 214, 80, 8
MM, 228, 98, 8
MM, 242, 117, 8
MM, 257, 137, 7
MM, 269, 158, 8
MM, 281, 176, 8
MM, 293, 190, 8
MM, 305, 204, 8
MM, 316, 218, 8
MM, 330, 232, 8
MM, 344, 246, 8
MM, 358, 260, 8
MM, 374, 269, 8
MM, 395, 271, 9
MM, 411, 275, 7
MM, 427, 283, 8
MM, 443, 289, 8
MM, 456, 295, 8
MM, 466, 301, 8
MM, 471, 306, 8
MM, 474, 307, 8
MM, 475, 307, 127
MM, 476, 307, 8
MM, 477, 307, 8
MM, 479, 308, 8
MM, 481, 309, 8
MM, 483, 310, 8
MM, 486, 310, 8
MM, 490, 312, 8
MM, 493, 312, 8
MM, 497, 313, 8
MM, 500, 314, 9
MM, 511, 316, 7
MM, 523, 318, 8
MM, 532, 318, 8
MM, 536, 318, 8
MM, 541, 318, 8
MM, 541, 323, 532
MM, 541, 327, 8
MM, 541, 329, 8
MM, 541, 330, 8
MM, 540, 333, 222
MM, 538, 337, 8
MM, 536, 341, 8
MM, 534, 345, 8
MM, 534, 346, 8
MM, 534, 343, 96
MM, 536, 335, 8
MM, 538, 320, 8
MM, 542, 306, 8
MM, 544, 293, 8
MM, 544, 285, 8
MM, 544, 281, 8
MM, 544, 280, 8
MM, 544, 278, 8
MM, 544, 276, 8
MM, 544, 273, 8
MM, 543, 270, 8
MM, 542, 267, 8
MM, 541, 264, 8
MM, 540, 262, 8
MM, 540, 261, 8
MM, 539, 260, 8
MM, 538, 260, 24
MM, 537, 259, 8
MM, 536, 259, 8
MM, 535, 259, 8
MM, 533, 258, 8
MM, 532, 258, 8
MM, 530, 258, 8
MM, 528, 257, 7
MM, 524, 257, 8
MM, 521, 257, 8
MM, 518, 257, 8
MM, 515, 257, 8
MM, 512, 257, 8
MM, 508, 257, 8
MM, 503, 257, 8
MM, 499, 257, 8
MM, 494, 258, 8
MM, 489, 259, 8
MM, 484, 261, 8
MM, 480, 265, 8
MM, 476, 269, 7
MM, 470, 274, 8
MM, 468, 278, 8
MM, 467, 281, 8
MM, 467, 283, 8
MM, 467, 287, 8
MM, 467, 289, 8
MM, 467, 293, 8
MM, 468, 295, 8
MM, 465, 295, 796
MM, 462, 295, 5
MM, 457, 296, 8
MM, 453, 298, 8
MM, 447, 302, 8
MM, 441, 306, 8
MM, 433, 310, 8
MM, 424, 314, 8
MM, 416, 319, 8
MM, 410, 320, 8
MM, 404, 322, 8
MM, 400, 323, 8
MM, 399, 323, 8
MM, 400, 323, 104
MM, 401, 322, 8
MM, 403, 321, 8
MM, 405, 319, 8
MM, 409, 318, 7
MM, 414, 315, 8
MM, 418, 313, 8
MM, 422, 311, 8
MM, 426, 309, 8
MM, 430, 308, 8
MM, 432, 308, 8
MM, 434, 307, 8
MM, 435, 306, 79
MM, 438, 306, 127
MM, 440, 306, 8
MM, 441, 306, 8
MM, 443, 306, 8
MM, 444, 306, 8
MM, 446, 306, 8
MM, 448, 306, 8
MM, 454, 306, 8
MM, 461, 306, 7
MM, 475, 306, 8
MM, 487, 306, 8
MM, 501, 306, 8
MM, 512, 306, 9
MM, 521, 305, 7
MM, 530, 302, 8
MM, 536, 302, 9
MM, 540, 301, 7
MM, 541, 301, 8
MM, 541, 300, 63
MM, 541, 297, 8
MM, 541, 291, 8
MM, 541, 279, 8
MM, 539, 269, 8
MM, 537, 263, 8
MM, 537, 257, 8
MM, 537, 251, 8
MM, 536, 250, 8
MM, 536, 249, 8
MM, 536, 247, 8
MM, 536, 245, 15
MM, 536, 244, 8
MM, 536, 243, 24
MM, 535, 243, 18
MM, 534, 243, 22
MM, 533, 243, 8
MM, 529, 242, 24
MM, 525, 242, 8
MM, 520, 242, 8
MM, 512, 242, 7
MM, 502, 242, 8
MM, 492, 242, 8
MM, 483, 242, 8
MM, 470, 242, 8
MM, 457, 244, 8
MM, 447, 244, 8
MM, 442, 244, 8
MM, 439, 244, 8
MM, 438, 244, 8
MM, 437, 244, 48
MM, 436, 245, 8
MM, 433, 246, 7
MM, 431, 247, 8
MM, 428, 248, 8
MM, 426, 249, 8
MM, 426, 250, 8
MM, 426, 251, 16
MM, 427, 251, 32
MM, 428, 251, 8
MM, 430, 251, 16
MM, 431, 251, 9
MM, 432, 251, 15
MM, 433, 251, 7
MM, 430, 253, 49
MM, 428, 255, 7
MM, 426, 256, 8
MM, 424, 257, 8
MM, 421, 260, 8
MM, 416, 263, 8
MM, 412, 265, 8
MM, 408, 267, 8
MM, 405, 268, 7
MM, 402, 269, 8
MM, 399, 270, 8
MM, 397, 271, 8
MM, 394, 272, 8
MM, 392, 272, 8
MM, 390, 273, 8
MM, 388, 274, 8
MM, 387, 274, 8
MM, 386, 274, 8
MM, 385, 274, 8
MM, 383, 274, 9
MM, 379, 275, 8
MM, 376, 275, 7
MM, 374, 275, 7
MM, 372, 275, 8
MM, 371, 275, 119
MM, 367, 276, 8
MM, 363, 277, 8
MM, 355, 279, 8
MM, 350, 279, 8
MM, 344, 279, 8
MM, 340, 279, 8
MM, 339, 279, 16
MP, 1, 334
MR, 1, 86
MC, 1, 0
MP, 1, 49
MR, 1, 86
MC, 2, 0
MM, 341, 278, 137
MM, 344, 276, 6
MM, 355, 263, 8
MM, 368, 247, 8
MM, 379, 234, 8
MM, 390, 216, 8
MM, 401, 200, 8
MM, 410, 184, 9
MM, 418, 171, 6
MM, 420, 163, 8
MM, 426, 156, 8
MM, 428, 148, 8
MM, 430, 144, 8
MM, 433, 139, 8
MM, 434, 138, 8
MM, 435, 136, 8
MM, 437, 133, 8
MM, 440, 129, 9
MM, 444, 125, 7
MM, 448, 121, 8
MM, 452, 117, 8
MM, 455, 116, 8
MM, 457, 115, 8
MM, 461, 113, 8
MM, 465, 111, 8
MM, 468, 110, 7
MM, 474, 107, 9
MM, 483, 102, 7
MM, 493, 101, 8
MM, 499, 101, 8
MM, 502, 101, 8
MM, 502, 102, 112
MM, 502, 103, 8
MM, 501, 106, 8
MM, 501, 109, 8
MM, 500, 111, 8
MM, 500, 113, 8
MM, 499, 114, 8
MM, 499, 115, 17
MM, 498, 115, 6
MM, 498, 116, 88
MM, 498, 117, 8
MM, 498, 118, 32
MP, 1, 345
MR, 1, 63
MC, 1, 0
MP, 1, 89
MR, 1, 61
MC, 2, 0
MM, 500, 122, 480
MM, 510, 137, 5
MM, 528, 166, 6
MM, 555, 189, 9
MM, 580, 211, 7
MM, 597, 225, 8
MM, 609, 232, 8
MM, 611, 237, 8
MM, 613, 240, 8
MM, 614, 241, 8
MM, 615, 244, 8
MM, 617, 245, 8
MM, 617, 247, 9
MM, 618, 247, 7
MM, 618, 246, 327
MM, 618, 243, 8
MM, 618, 239, 8
MM, 619, 233, 8
MM, 619, 225, 8
MM, 621, 218, 8
MM, 623, 212, 8
MM, 624, 209, 8
MM, 626, 205, 9
MM, 628, 202, 7
MM, 629, 197, 8
MM, 631, 194, 8
MM, 632, 191, 8
MM, 635, 188, 8
MM, 636, 185, 8
MM, 640, 182, 8
MM, 643, 178, 8
MM, 645, 175, 8
MM, 649, 172, 8
MM, 653, 170, 8
MM, 658, 167, 7
MM, 665, 166, 8
MM, 668, 166, 8
MM, 669, 166, 8
MM, 669, 167, 24
MM, 669, 169, 8
MM, 669, 171, 9
MM, 669, 174, 7
MM, 669, 176, 8
MM, 670, 179, 7
MM, 670, 183, 8
MM, 670, 187, 8
MM, 670, 191, 8
MM, 670, 196, 8
MM, 670, 201, 8
MM, 670, 205, 8
MM, 670, 209, 8
MM, 671, 214, 8
MM, 672, 219, 8
MM, 673, 223, 9
MM, 675, 228, 7
MM, 676, 233, 8
MM, 676, 238, 7
MM, 676, 239, 8
MM, 677, 240, 8
MM, 681, 240, 214
MM, 686, 240, 9
MM, 692, 240, 7
MM, 701, 240, 8
MM, 710, 240, 8
MM, 720, 240, 8
MM, 728, 242, 8
MM, 736, 244, 8
MM, 742, 246, 8
MM, 748, 246, 8
MM, 751, 246, 8
MM, 754, 246, 8
MM, 756, 246, 8
MM, 759, 246, 7
MM, 761, 246, 8
MM, 764, 246, 8
MM, 765, 245, 9
MM, 766, 245, 7
MWM, 766, 245, 1, 3, 1, 200
MM, 765, 247, 406
MM, 764, 254, 5
MM, 760, 264, 8
MM, 759, 271, 8
MM, 757, 277, 8
MM, 757, 278, 8
MM, 757, 279, 8
MM, 757, 281, 8
MM, 756, 281, 8
MM, 756, 282, 15
MWM, 756, 282, 1, 3, 1, 33
MWM, 756, 282, -1, 3, 1, 431
MWM, 756, 282, -1, 3, 1, 32
MWM, 756, 282, -1, 3, 1, 32
MM, 762, 286, 2042
MM, 787, 299, 7
MM, 806, 318, 8
MM, 809, 318, 8
MWM, 809, 318, 1, 3, 1, 263
MWM, 809, 318, 1, 3, 1, 24
MWM, 809, 318, 1, 3, 1, 25
MWM, 809, 318, 1, 3, 1, 31
MWM, 809, 318, 1, 3, 1, 361
MWM, 809, 318, 1, 3, 1, 13
MWM, 809, 318, 1, 3, 1, 24
MWM, 809, 318, 1, 3, 1, 24
MWM, 809, 318, 1, 3, 1, 56
MWM, 809, 318, 1, 3, 1, 740
MWM, 809, 318, 1, 3, 1, 108
MM, 814, 326, 560
MM, 824, 345, 4
MM, 833, 369, 7
MM, 839, 374, 8
MM, 839, 376, 7
MM, 840, 377, 8
MM, 840, 378, 8
MM, 840, 379, 8
MM, 840, 380, 8
MM, 840, 381, 8
MM, 839, 381, 1570
MM, 838, 380, 7
MM, 836, 378, 7
MM, 833, 376, 7
MM, 829, 374, 9
MM, 827, 373, 8
MM, 825, 372, 7
MM, 823, 370, 9
MM, 822, 369, 7
MM, 822, 366, 8
MM, 820, 365, 8
MM, 820, 364, 8
MM, 819, 364, 39
MM, 818, 364, 11
MM, 818, 363, 5
MM, 817, 363, 16
MM, 817, 362, 8
MM, 816, 362, 8
MM, 814, 361, 48
MM, 813, 359, 8
MM, 811, 359, 9
MM, 809, 357, 7
MM, 806, 355, 9
MM, 802, 352, 6
MM, 796, 349, 8
MM, 791, 345, 8
MM, 783, 341, 8
MM, 775, 336, 8
MM, 769, 332, 8
MM, 763, 328, 9
MM, 758, 324, 7
MM, 753, 322, 9
MM, 748, 320, 7
MM, 742, 320, 8
MM, 737, 320, 8
MM, 731, 320, 8
MM, 725, 320, 8
MM, 718, 320, 8
MM, 711, 320, 8
MM, 706, 320, 8
MM, 701, 320, 8
MM, 697, 319, 8
MM, 692, 317, 8
MM, 685, 314, 7
MM, 679, 311, 8
MM, 672, 307, 8
MM, 665, 304, 8
MM, 654, 300, 8
MM, 640, 294, 8
MM, 626, 287, 8
MM, 606, 273, 8
MM, 606, 268, 8
MM, 607, 268, 398
MM, 609, 268, 8
MM, 610, 268, 8
MM, 612, 268, 8
MM, 614, 268, 8
MM, 617, 268, 8
MM, 620, 268, 8
MM, 622, 268, 8
MM, 625, 268, 8
MM, 627, 267, 8
MM, 629, 266, 8
MM, 631, 265, 7
MM, 634, 265, 8
MM, 637, 263, 8
MM, 639, 263, 8
MM, 642, 263, 8
MM, 643, 263, 8
MM, 644, 263, 9
MM, 645, 263, 71
MM, 646, 263, 17
MWM, 646, 263, 1, 3, 1, 8
MM, 647, 263, 23
MM, 648, 264, 8
MM, 650, 265, 7
MM, 654, 266, 9
MWM, 654, 266, 1, 3, 1, 1
MM, 656, 268, 7
MM, 659, 268, 7
MM, 662, 269, 9
MWM, 662, 269, 1, 3, 1, 2
MM, 665, 269, 6
MM, 668, 269, 7
MM, 671, 269, 9
MM, 674, 270, 7
MM, 676, 270, 8
MWM, 676, 270, 1, 3, 1, 2
MM, 677, 270, 6
MM, 678, 270, 9
MWM, 678, 270, -1, 3, 1, 846
MWM, 678, 270, -1, 3, 1, 14
MWM, 678, 270, -1, 3, 1, 16
MWM, 678, 270, -1, 3, 1, 16
MWM, 678, 270, -1, 3, 1, 25
MWM, 678, 270, -1, 3, 1, 366
MWM, 678, 270, -1, 3, 1, 22
MWM, 678, 270, -1, 3, 1, 8
MWM, 678, 270, -1, 3, 1, 15
MWM, 678, 270, -1, 3, 1, 16
MWM, 678, 270, -1, 3, 1, 353
MWM, 678, 270, -1, 3, 1, 12
MWM, 678, 270, -1, 3, 1, 16
MWM, 678, 270, -1, 3, 1, 8
MWM, 678, 270, -1, 3, 1, 24
MWM, 678, 270, -1, 3, 1, 345
MWM, 678, 270, -1, 3, 1, 12
MWM, 678, 270, -1, 3, 1, 24
MWM, 678, 270, -1, 3, 1, 15
MM, 676, 270, 413
MM, 674, 270, 7
MM, 669, 270, 7
MM, 659, 268, 8
MM, 647, 267, 8
MM, 638, 267, 8
MM, 634, 267, 8
MM, 633, 267, 9
MM, 632, 267, 7
MM, 631, 267, 9
MM, 629, 267, 7
MM, 625, 267, 8
MM, 621, 267, 8
MM, 617, 267, 8
MM, 614, 267, 8
MM, 612, 267, 8
MM, 610, 267, 8
MM, 608, 267, 16
MM, 605, 267, 8
MM, 599, 267, 8
MM, 588, 267, 8
MM, 573, 267, 8
MM, 553, 267, 8
MM, 532, 264, 8
MM, 516, 262, 8
MM, 508, 261, 8
MM, 507, 261, 8
MM, 506, 261, 55
MM, 505, 261, 8
MM, 503, 260, 8
MM, 500, 259, 8
MM, 497, 257, 9
MM, 492, 255, 7
MM, 488, 253, 8
MM, 485, 251, 8
MM, 481, 249, 7
MM, 478, 248, 8
MM, 473, 245, 8
MM, 468, 242, 8
MM, 463, 238, 8
MM, 454, 232, 8
MM, 446, 227, 8
MM, 437, 221, 8
MM, 429, 217, 8
MM, 425, 212, 8
MM, 423, 211, 8
MM, 423, 210, 8
MM, 421, 209, 8
MM, 420, 208, 8
MM, 420, 207, 7
MM, 417, 205, 9
MM, 413, 202, 7
MM, 407, 198, 8
MM, 400, 194, 8
MM, 396, 191, 8
MM, 394, 191, 8
MM, 391, 190, 8
MM, 387, 190, 8
MM, 385, 190, 9
MM, 381, 190, 7
MM, 378, 190, 8
MM, 374, 190, 8
MM, 369, 192, 8
MM, 365, 193, 7
MM, 360, 194, 8
MM, 357, 195, 8
MM, 354, 197, 8
MM, 351, 198, 8
MM, 348, 199, 8
MM, 345, 201, 8
MM, 343, 202, 8
MM, 340, 203, 8
MM, 337, 205, 8
MM, 335, 206, 9
MM, 334, 206, 8
MM, 333, 206, 7
MM, 332, 207, 9
MM, 332, 208, 7
MM, 333, 208, 190
MM, 337, 211, 16
MM, 344, 215, 9
MM, 371, 226, 7
MM, 412, 241, 8
MM, 459, 260, 8
MM, 514, 284, 8
MM, 554, 304, 7
MM, 584, 315, 8
MM, 605, 323, 8
MM, 624, 323, 8
MM, 627, 325, 8
MM, 628, 325, 8
MM, 632, 324, 72
MM, 638, 321, 8
MM, 653, 315, 9
MM, 678, 308, 6
MM, 709, 298, 9
MM, 737, 288, 7
MM, 775, 277, 8
MM, 804, 269, 8
MM, 830, 262, 9
MM, 845, 256, 7
MM, 860, 250, 8
MM, 872, 247, 8
MM, 881, 245, 8
MM, 883, 245, 8
MM, 884, 245, 8
MM, 884, 244, 24
MM, 885, 243, 16
MM, 886, 241, 15
MM, 889, 237, 8
MM, 892, 233, 8
MM, 898, 226, 8
MM, 901, 221, 9
MM, 904, 217, 7
MM, 905, 215, 8
MM, 905, 214, 8
MM, 905, 213, 55
MM, 905, 212, 8
MM, 904, 208, 8
MM, 902, 203, 8
MM, 900, 200, 8
MM, 898, 197, 8
MM, 896, 195, 8
MM, 890, 192, 8
MM, 880, 186, 8
MM, 868, 180, 8
MM, 852, 171, 8
MM, 834, 162, 8
MM, 815, 152, 8
MM, 800, 147, 7
MM, 788, 145, 8
MM, 778, 145, 8
MM, 759, 145, 9
MM, 740, 142, 7
MM, 722, 140, 9
MM, 706, 140, 7
MM, 690, 138, 8
MM, 672, 135, 8
MM, 659, 133, 9
MM, 642, 133, 7
MM, 626, 133, 9
MM, 609, 133, 7
MM, 587, 133, 8
MM, 567, 130, 7
MM, 548, 125, 9
MM, 528, 122, 7
MM, 505, 119, 9
MM, 484, 119, 7
MM, 468, 119, 8
MM, 450, 119, 8
MM, 434, 119, 8
MM, 416, 119, 8
MM, 398, 119, 9
MM, 382, 119, 7
MM, 364, 119, 8
MM, 348, 119, 8
MM, 329, 119, 8
MM, 311, 119, 9
MM, 295, 116, 6
MM, 280, 113, 9
MM, 265, 109, 7
MM, 255, 106, 8
MM, 248, 103, 8
MM, 241, 100, 9
MM, 234, 97, 7
MM, 227, 94, 8
MM, 220, 91, 8
MM, 211, 88, 8
MM, 201, 85, 8
MM, 190, 82, 8
MM, 180, 80, 8
MM, 170, 78, 8
MM, 161, 77, 8
MM, 153, 75, 11
MM, 142, 73, 5
MM, 130, 71, 7
MM, 118, 71, 8
MM, 106, 71, 8
MM, 90, 69, 8
MM, 74, 63, 8
MM, 61, 58, 8
MM, 47, 50, 8
MM, 38, 43, 8
MM, 31, 36, 8
MM, 31, 29, 8
MM, 33, 27, 17
MM, 34, 26, 8
MM, 34, 25, 6
MM, 34, 24, 40
MM, 34, 23, 40
MM, 35, 23, 8
MM, 36, 22, 8
MM, 40, 21, 16
MM, 43, 21, 8
MM, 47, 21, 8
MM, 49, 21, 7
MM, 52, 21, 8
MM, 56, 21, 8
MM, 60, 22, 8
MM, 62, 22, 8
MM, 64, 23, 8
MM, 65, 24, 9
MM, 65, 25, 31
MM, 64, 25, 17
MM, 64, 26, 7
MM, 64, 27, 47
MM, 64, 28, 16
MM, 64, 29, 8
MM, 64, 30, 25
MM, 64, 31, 15
MM, 64, 33, 16
MM, 64, 34, 8
MM, 64, 36, 15
MM, 65, 36, 16
MM, 66, 36, 16
MM, 67, 36, 48
MM, 68, 36, 16
MM, 69, 36, 7
MM, 70, 36, 8
MM, 73, 35, 8
MM, 74, 35, 8
MM, 75, 35, 8
MM, 76, 35, 41
MM, 77, 35, 23
MM, 78, 35, 23
MM, 78, 34, 8
MM, 79, 34, 17
MM, 80, 34, 142
MM, 81, 34, 32
MM, 82, 35, 24
MM, 80, 35, 388
MM, 79, 35, 56
MM, 80, 35, 72
MM, 82, 37, 7
MM, 92, 42, 9
MM, 113, 47, 7
MM, 157, 69, 8
MM, 237, 108, 8
MM, 338, 165, 8
MM, 446, 215, 9
MM, 545, 261, 7
MM, 617, 277, 9
MM, 662, 282, 7
MM, 688, 278, 7
MM, 694, 275, 8
MM, 695, 274, 9
MM, 695, 273, 23
MM, 695, 271, 8
MM, 694, 268, 8
MM, 693, 264, 8
MM, 693, 262, 8
MM, 691, 260, 8
MM, 691, 259, 8
MM, 690, 257, 8
MM, 688, 254, 8
MM, 687, 251, 8
MM, 684, 246, 8
MM, 682, 242, 7
MM, 680, 240, 8
MM, 678, 238, 8
MM, 676, 237, 8
MM, 673, 234, 8
MM, 669, 231, 8
MM, 662, 228, 8
MM, 646, 222, 8
MM, 635, 217, 8
MM, 626, 215, 9
MM, 617, 214, 7
MM, 607, 214, 9
MM, 597, 211, 7
MM, 588, 208, 8
MM, 579, 201, 8
MM, 575, 199, 8
MM, 571, 197, 7
MM, 565, 193, 8
MM, 559, 189, 8
MM, 554, 185, 8
MM, 548, 180, 8
MM, 540, 176, 9
MM, 533, 175, 7
MM, 527, 172, 9
MM, 520, 166, 7
MM, 512, 161, 8
MM, 504, 153, 9
MM, 498, 145, 7
MM, 494, 137, 8
MM, 490, 131, 8
MM, 486, 127, 8
MM, 484, 123, 8
MM, 483, 122, 9
MM, 481, 121, 6
MM, 479, 119, 8
MM, 478, 118, 8
MM, 476, 118, 8
MM, 475, 118, 8
MM, 473, 118, 9
MM, 471, 118, 7
MM, 469, 118, 8
MM, 466, 118, 8
MM, 462, 119, 9
MM, 454, 119, 7
MM, 440, 118, 9
MM, 426, 116, 7
MM, 413, 116, 9
MM, 402, 114, 7
MM, 391, 112, 9
MM, 381, 110, 7
MM, 374, 108, 7
MM, 367, 108, 8
MM, 366, 108, 8
MM, 364, 107, 8
MM, 362, 107, 8
MM, 361, 106, 8
MM, 360, 105, 8
MM, 359, 103, 8
MM, 357, 101, 8
MM, 355, 98, 8
MM, 354, 97, 8
MM, 352, 96, 8
MM, 351, 96, 8
MM, 349, 95, 9
MM, 347, 93, 7
MM, 345, 92, 9
MM, 344, 92, 7
MM, 343, 91, 8
MM, 342, 91, 7
MM, 342, 90, 16
MM, 341, 90, 16
MM, 339, 90, 16
MM, 337, 90, 16
MM, 336, 90, 9
MM, 328, 88, 7
MM, 320, 88, 8
MM, 315, 88, 8
MM, 311, 88, 8
MM, 305, 88, 10
MM, 301, 88, 6
MM, 298, 88, 8
MM, 296, 88, 8
MM, 294, 88, 8
MM, 293, 88, 9
MM, 293, 87, 7
MM, 292, 87, 9
MM, 291, 87, 6
MM, 291, 86, 8
MM, 290, 86, 8
MM, 290, 85, 9
MM, 289, 85, 7
MP, 1, 152
MR, 1, 94
MC, 1, 0
MM, 298, 85, 464
MM, 341, 85, 5
MM, 403, 85, 7
MM, 435, 85, 8
MM, 445, 85, 8
MM, 451, 85, 9
MM, 454, 85, 7
MM, 455, 85, 8
MM, 454, 85, 135
MM, 453, 85, 8
MM, 451, 86, 8
MM, 450, 87, 16
MM, 450, 88, 56
MM, 450, 89, 8
MM, 450, 92, 8
MM, 449, 94, 9
MM, 449, 98, 7
MM, 448, 100, 8
MM, 447, 100, 16
MM, 447, 99, 80
MM, 446, 99, 16
MM, 445, 98, 16
MM, 443, 97, 8
MM, 440, 96, 8
MM, 437, 95, 7
MM, 432, 94, 8
MM, 426, 93, 8
MM, 411, 90, 9
MM, 393, 85, 7
MM, 375, 80, 9
MM, 357, 74, 7
MM, 338, 69, 8
MM, 325, 69, 8
MM, 314, 66, 10
MM, 308, 66, 7
MM, 306, 66, 7
MM, 305, 66, 55
MM, 301, 66, 9
MM, 298, 66, 8
MM, 295, 66, 7
MM, 292, 66, 8
MM, 290, 66, 8
MM, 288, 65, 8
MM, 286, 65, 9
MM, 285, 65, 7
MM, 284, 65, 8
MM, 283, 65, 7
MM, 282, 65, 8
MM, 282, 66, 32
MM, 282, 67, 16
MM, 282, 69, 8
MM, 284, 72, 8
MM, 291, 79, 8
MM, 306, 94, 8
MM, 331, 120, 8
MM, 373, 152, 7
MM, 408, 186, 8
MM, 438, 210, 8
MM, 461, 228, 8
MM, 486, 250, 9
MM, 507, 268, 7
MM, 531, 286, 9
MM, 552, 304, 7
MM, 572, 318, 9
MM, 592, 331, 7
MM, 605, 339, 8
MM, 614, 345, 8
MM, 616, 345, 8
MM, 616, 346, 8
MM, 615, 346, 143
MM, 614, 346, 15
MM, 613, 346, 16
MM, 612, 344, 8
MM, 610, 340, 8
MM, 607, 334, 8
MM, 603, 322, 9
MM, 598, 310, 7
MM, 594, 301, 8
MM, 590, 292, 8
MM, 588, 287, 8
MM, 588, 282, 8
MM, 588, 275, 9
MM, 588, 268, 7
MM, 591, 262, 7
MM, 594, 256, 9
MM, 598, 250, 7
MM, 602, 244, 8
MM, 607, 238, 8
MM, 612, 232, 8
MM, 618, 226, 9
MM, 624, 220, 7
MM, 630, 216, 9
MM, 636, 212, 7
MM, 642, 212, 9
MM, 645, 212, 7
MM, 646, 211, 8
MM, 647, 211, 39
MM, 648, 211, 16
MM, 649, 212, 8
MM, 651, 213, 16
MM, 651, 215, 56
MM, 651, 220, 8
MM, 651, 228, 8
MM, 651, 234, 9
MM, 651, 237, 6
MM, 651, 239, 9
MM, 651, 240, 7
MP, 1, 469
MR, 1, 86
MC, 1, 0
MP, 1, 25
MR, 1, 127
MC, 2, 0
MP, 1, 64
MR, 1, 62
MC, 3, 0
MM, 653, 241, 868
MM, 668, 252, 4
MM, 704, 273, 8
MM, 742, 292, 8
MM, 779, 301, 8
MM, 827, 310, 8
MM, 876, 314, 9
MM, 925, 317, 7
MM, 971, 321, 9
MM, 1002, 321, 7
MM, 1023, 321, 8
MM, 1038, 321, 9
MM, 1045, 321, 7
MM, 1049, 321, 7
MM, 1050, 321, 8
MM, 1051, 321, 40
MM, 1052, 321, 8
MM, 1053, 321, 8
MM, 1054, 321, 16
MM, 1055, 321, 8
MM, 1056, 321, 8
MM, 1057, 321, 9
MP, 1, 56
MR, 1, 63
MC, 1, 0
MM, 1053, 321, 18417
MM, 1043, 319, 7
MM, 1023, 317, 7
MM, 1003, 310, 7
MM, 985, 303, 8
MM, 971, 297, 8
MM, 958, 291, 8
MM, 945, 285, 8
MM, 935, 279, 8
MM, 927, 274, 8
MM, 925, 270, 8
MM, 925, 269, 8
MM, 925, 270, 246
MM, 925, 273, 15
MM, 925, 277, 8
MM, 924, 281, 8
MM, 923, 284, 8
MM, 921, 289, 8
MM, 920, 293, 8
MM, 918, 297, 8
MM, 916, 301, 8
MM, 914, 306, 8
MM, 911, 311, 8
MM, 905, 318, 8
MM, 901, 325, 8
MM, 897, 333, 8
MM, 893, 338, 8
MM, 889, 344, 7
MM, 885, 349, 8
MM, 881, 355, 8
MM, 877, 361, 8
MM, 875, 363, 8
MM, 874, 365, 8
MM, 873, 365, 24
MM, 873, 367, 24
MM, 872, 368, 8
MM, 871, 370, 8
MM, 870, 372, 8
MM, 869, 374, 8
MM, 868, 376, 7
MM, 868, 377, 8
MM, 866, 380, 8
MM, 865, 382, 8
MM, 865, 385, 8
MM, 863, 387, 8
MM, 862, 389, 8
MM, 862, 392, 8
MM, 861, 394, 8
MM, 859, 397, 8
MM, 858, 400, 8
MM, 857, 404, 9
MM, 856, 407, 7
MM, 855, 411, 8
MM, 854, 414, 8
MM, 853, 417, 7
MM, 851, 422, 8
MM, 851, 423, 8
MM, 851, 424, 8
MM, 850, 425, 24
MM, 850, 427, 8
MM, 849, 428, 8
MM, 849, 430, 8
MM, 848, 433, 8
MM, 847, 433, 8
MM, 847, 434, 8
MM, 847, 435, 16
MM, 846, 435, 15
MM, 847, 435, 631
MM, 850, 433, 5
MM, 859, 433, 7
MM, 867, 432, 8
MM, 875, 432, 8
MM, 885, 432, 8
MM, 895, 432, 8
MM, 905, 432, 8
MM, 913, 432, 8
MM, 917, 432, 8
MM, 919, 432, 7
MM, 920, 432, 8
MM, 921, 432, 8
MM, 920, 432, 104
MM, 919, 432, 8
MM, 917, 432, 8
MM, 916, 432, 8
MM, 915, 432, 8
MM, 914, 433, 8
MM, 912, 434, 7
MM, 908, 434, 8
MM, 905, 434, 8
MM, 902, 435, 8
MM, 898, 436, 8
MM, 894, 437, 8
MM, 892, 438, 8
MM, 888, 439, 8
MM, 883, 440, 8
MM, 881, 440, 8
MM, 876, 441, 8
MM, 872, 442, 8
MM, 867, 443, 8
MM, 863, 444, 8
MM, 862, 444, 8
MM, 859, 445, 8
MM, 858, 445, 8
MM, 856, 446, 8
MM, 854, 446, 8
MM, 853, 446, 8
MM, 849, 446, 8
MM, 845, 446, 8
MM, 841, 446, 8
MM, 836, 446, 8
MM, 832, 446, 8
MM, 828, 446, 8
MM, 823, 446, 8
MM, 818, 446, 8
MM, 813, 446, 8
MM, 808, 446, 8
MM, 803, 446, 8
MM, 798, 444, 8
MM, 790, 442, 8
MM, 781, 441, 8
MM, 771, 439, 8
MM, 762, 436, 8
MM, 752, 436, 8
MM, 742, 435, 8
MM, 734, 435, 8
MM, 726, 435, 8
MM, 720, 433, 8
MM, 714, 431, 8
MM, 704, 429, 8
MM, 694, 427, 8
MM, 683, 426, 8
MM, 673, 426, 8
MM, 665, 426, 8
MM, 657, 426, 8
MM, 649, 426, 8
MM, 641, 426, 8
MM, 637, 426, 8
MM, 633, 426, 8
MM, 629, 426, 8
MM, 623, 426, 8
MM, 618, 427, 8
MM, 612, 427, 8
MM, 607, 427, 8
MM, 603, 429, 8
MM, 599, 429, 8
MM, 595, 429, 8
MM, 593, 430, 8
MM, 589, 430, 8
MM, 584, 430, 8
MM, 578, 430, 8
MM, 571, 430, 8
MM, 565, 431, 7
MM, 557, 431, 8
MM, 548, 433, 8
MM, 541, 433, 8
MM, 535, 433, 8
MM, 530, 433, 8
MM, 524, 435, 8
MM, 522, 435, 8
MM, 521, 435, 8
MM, 519, 436, 8
MM, 518, 436, 24
MM, 518, 437, 7
MM, 517, 437, 8
MM, 519, 437, 238
MM, 520, 437, 16
MM, 522, 437, 8
MM, 523, 437, 16
MM, 524, 437, 16
MM, 525, 437, 8
MM, 525, 438, 8
MM, 527, 438, 7
MM, 528, 439, 8
MM, 529, 439, 8
MM, 530, 440, 8
MM, 531, 440, 8
MM, 532, 441, 8
MM, 534, 441, 8
MM, 536, 441, 8
MM, 540, 442, 8
MM, 542, 442, 8
MM, 546, 443, 8
MM, 549, 444, 8
MM, 551, 444, 8
MM, 554, 444, 8
MM, 556, 444, 8
MM, 559, 444, 7
MM, 562, 445, 8
MM, 565, 446, 8
MM, 569, 447, 8
MM, 573, 447, 8
MM, 578, 449, 8
MM, 582, 450, 8
MM, 588, 451, 8
MM, 594, 453, 8
MM, 603, 454, 8
MM, 610, 454, 8
MM, 613, 454, 8
MM, 617, 456, 8
MM, 618, 456, 8
MM, 619, 456, 111
MM, 620, 456, 8
MM, 621, 456, 31
MM, 622, 456, 167
MM, 623, 456, 8
MM, 624, 456, 8
MM, 626, 455, 8
MM, 627, 455, 8
MM, 628, 454, 8
MM, 631, 453, 8
MM, 632, 452, 8
MM, 636, 451, 7
MM, 638, 451, 8
MM, 642, 449, 8
MM, 646, 449, 8
MM, 649, 448, 8
MM, 654, 446, 8
MM, 659, 445, 8
MM, 665, 444, 8
MM, 669, 442, 8
MM, 674, 441, 8
MM, 679, 441, 8
MM, 683, 440, 8
MM, 688, 440, 8
MM, 694, 440, 7
MM, 698, 440, 8
MM, 701, 440, 8
MM, 702, 440, 8
MM, 703, 440, 56
MM, 704, 441, 8
MM, 709, 442, 8
MM, 711, 444, 7
MM, 712, 444, 8
MM, 714, 445, 9
MM, 717, 447, 15
MM, 719, 449, 8
MM, 722, 450, 8
MM, 724, 452, 8
MM, 726, 453, 8
MM, 727, 454, 8
MM, 729, 456, 8
MM, 732, 457, 8
MM, 734, 459, 8
MM, 736, 460, 8
MM, 737, 460, 7
MM, 739, 458, 1779
MM, 742, 452, 8
MM, 744, 443, 7
MM, 747, 437, 8
MM, 748, 433, 8
MM, 749, 433, 31
MM, 747, 433, 948
MM, 745, 433, 5
MM, 743, 433, 8
MM, 742, 433, 8
MM, 741, 433, 8
MM, 740, 433, 8
MM, 739, 433, 8
MM, 738, 433, 8
MM, 736, 433, 8
MM, 733, 433, 8
MM, 732, 433, 8
MM, 731, 433, 8
MM, 729, 434, 8
MM, 728, 434, 8
MM, 727, 434, 8
MM, 726, 434, 32
MM, 725, 434, 8
MM, 723, 433, 8
MM, 722, 433, 8
MM, 721, 433, 8
MM, 718, 432, 8
MM, 714, 431, 8
MM, 708, 428, 8
MM, 698, 424, 8
MM, 677, 419, 8
MM, 650, 411, 8
MM, 616, 399, 8
MM, 585, 386, 8
MM, 557, 374, 8
MM, 534, 372, 8
MM, 526, 372, 8
MM, 524, 372, 8
MM, 523, 372, 128
MM, 523, 373, 8
MM, 523, 374, 8
MM, 524, 378, 8
MM, 526, 383, 8
MM, 529, 389, 8
MM, 537, 400, 8
MM, 545, 410, 8
MM, 551, 417, 8
MM, 557, 423, 8
MM, 562, 428, 8
MM, 568, 432, 8
MM, 574, 436, 7
MM, 582, 442, 8
MM, 590, 449, 8
MM, 600, 457, 8
MM, 612, 465, 8
MM, 624, 473, 8
MM, 637, 482, 8
MM, 650, 487, 8
MM, 663, 492, 9
MM, 674, 497, 7
MM, 685, 497, 8
MM, 692, 499, 8
MM, 696, 499, 8
MM, 695, 499, 31
MM, 694, 499, 8
MM, 693, 499, 8
MM, 692, 498, 64
MM, 689, 498, 7
MM, 688, 497, 8
MM, 688, 496, 8
MM, 687, 496, 8
MM, 686, 495, 9
MM, 686, 494, 7
MM, 686, 493, 8
MM, 686, 492, 8
MM, 686, 491, 8
MM, 686, 490, 8
MM, 686, 489, 16
MM, 686, 488, 8
MM, 686, 487, 15
MM, 687, 487, 24
MM, 687, 486, 8
MM, 688, 485, 8
MM, 689, 484, 16
MM, 689, 482, 16
MM, 689, 481, 8
MM, 690, 478, 8
MM, 690, 474, 8
MM, 691, 471, 8
MM, 692, 470, 7
MM, 693, 469, 8
MM, 694, 469, 16
MM, 694, 468, 8
MM, 694, 467, 8
MM, 694, 466, 16
MM, 695, 465, 8
MM, 696, 465, 8
MM, 697, 464, 8
MM, 699, 463, 8
MM, 700, 463, 8
MM, 700, 462, 8
MM, 701, 462, 8
MM, 704, 461, 436
MM, 711, 458, 8
MM, 725, 453, 8
MM, 740, 447, 8
MM, 747, 445, 8
MM, 754, 445, 8
MM, 755, 445, 8
MM, 756, 445, 103
MM, 757, 445, 16
MM, 758, 445, 8
MM, 761, 445, 8
MM, 762, 445, 8
MM, 764, 445, 7
MM, 765, 445, 16
MM, 766, 445, 40
MM, 767, 445, 16
MM, 768, 445, 24
MM, 769, 445, 8
MM, 774, 445, 24
MM, 779, 445, 8
MM, 784, 445, 8
MM, 788, 445, 8
MM, 793, 445, 8
MM, 796, 445, 8
MM, 797, 445, 8
MM, 798, 444, 103
MM, 799, 444, 8
MM, 801, 442, 8
MM, 803, 441, 8
MM, 806, 438, 8
MM, 810, 436, 8
MM, 814, 434, 8
MM, 817, 431, 8
MM, 820, 428, 8
MM, 823, 428, 8
MM, 825, 427, 8
MM, 827, 427, 8
MM, 829, 427, 8
MM, 830, 427, 24
MM, 831, 427, 24
MM, 832, 427, 8
MM, 833, 427, 8
MM, 834, 427, 8
MM, 835, 426, 8
MM, 837, 426, 8
MM, 842, 426, 8
MM, 846, 427, 9
MM, 848, 428, 7
MM, 851, 429, 8
MM, 853, 429, 8
MM, 854, 430, 8
MM, 855, 430, 8
MM, 856, 430, 31
MM, 857, 430, 8
MM, 858, 430, 16
MM, 859, 430, 8
MM, 860, 430, 8
MM, 861, 430, 96
MWM, 861, 430, 1, 3, 1, 501
MWM, 861, 430, 1, 3, 1, 111
MWM, 861, 430, -1, 3, 1, 534
MWM, 861, 430, -1, 3, 1, 46
MWM, 861, 430, 1, 3, 1, 390
MWM, 861, 430, 1, 3, 1, 452
MWM, 861, 430, 1, 3, 1, 93
MWM, 861, 430, 1, 3, 1, 575
MWM, 861, 430, 1, 3, 1, 286
MM, 854, 443, 307
MM, 834, 479, 6
MM, 800, 527, 8
MM, 768, 571, 7
MM, 738, 606, 8
MM, 709, 634, 8
MM, 686, 654, 8
MM, 664, 673, 8
MM, 646, 687, 8
MM, 633, 701, 8
MM, 627, 703, 11
MM, 626, 705, 5
MM, 625, 705, 342
MM, 623, 706, 31
MM, 622, 707, 8
MM, 621, 707, 8
MM, 617, 708, 8
MM, 615, 709, 8
MM, 613, 709, 8
MM, 611, 709, 9
MM, 611, 708, 94
MM, 611, 707, 16
MM, 611, 706, 8
MM, 611, 704, 16
MM, 611, 700, 8
MM, 612, 695, 8
MM, 612, 681, 8
MM, 614, 666, 8
MM, 614, 652, 8
MM, 614, 639, 8
MM, 614, 628, 8
MM, 614, 616, 8
MM, 614, 609, 7
MM, 612, 602, 8
MM, 611, 597, 8
MM, 608, 594, 8
MM, 608, 592, 9
MM, 606, 591, 7
MM, 604, 588, 8
MM, 603, 586, 8
MM, 602, 585, 8
MM, 600, 584, 8
MM, 599, 584, 8
MM, 598, 584, 8
MM, 597, 583, 8
MM, 596, 582, 7
MM, 595, 582, 16
MWM, 595, 582, 1, 3, 1, 106
MWM, 595, 582, 1, 3, 1, 88
MM, 598, 579, 691
MM, 602, 576, 5
MM, 609, 569, 7
MM, 616, 562, 8
MM, 620, 557, 8
MM, 625, 553, 8
MM, 626, 552, 79
MM, 627, 552, 8
MM, 629, 550, 8
MM, 631, 548, 8
MM, 633, 546, 8
MM, 634, 545, 8
MM, 636, 544, 8
MM, 638, 543, 8
MM, 639, 542, 8
MM, 640, 541, 8
MM, 641, 540, 8
MM, 642, 539, 8
MM, 643, 539, 8
MM, 643, 538, 8
MM, 644, 538, 8
MM, 645, 536, 8
MM, 647, 535, 9
MM, 648, 533, 7
MM, 650, 532, 8
MM, 650, 531, 8
MM, 652, 531, 7
MM, 652, 530, 8
MM, 653, 530, 8
MM, 654, 530, 48
MM, 655, 529, 8
MM, 657, 527, 8
MM, 661, 526, 8
MM, 666, 524, 8
MM, 670, 523, 9
MM, 674, 523, 7
MM, 676, 522, 7
MM, 679, 522, 8
MM, 680, 522, 8
MM, 681, 522, 8
MM, 682, 522, 24
MM, 681, 523, 1589
MM, 679, 525, 7
MM, 677, 526, 8
MM, 676, 528, 8
MM, 675, 528, 9
MM, 674, 528, 62
MM, 672, 528, 8
MM, 670, 529, 8
MM, 667, 529, 8
MM, 665, 529, 8
MM, 663, 529, 8
MM, 661, 529, 9
MM, 660, 529, 7
MM, 659, 529, 8
MM, 657, 529, 8
MM, 656, 529, 7
MM, 654, 529, 9
MM, 653, 529, 8
MM, 651, 529, 9
MM, 650, 529, 6
MM, 649, 528, 8
MM, 648, 528, 8
MM, 647, 528, 8
MM, 646, 528, 8
MM, 645, 527, 17
MM, 644, 527, 7
MM, 642, 527, 8
MM, 641, 526, 8
MM, 638, 524, 7
MM, 634, 522, 9
MM, 631, 521, 7
MM, 628, 519, 8
MM, 627, 519, 8
MM, 625, 518, 9
MM, 624, 517, 7
MM, 623, 517, 8
MM, 622, 517, 16
MM, 620, 516, 8
MM, 619, 515, 8
MM, 617, 515, 8
MM, 615, 514, 8
MM, 614, 513, 7
MM, 612, 513, 9
MM, 609, 511, 8
MM, 606, 510, 7
MM, 603, 509, 8
MM, 601, 508, 8
MM, 597, 506, 8
MM, 595, 506, 8
MM, 593, 505, 8
MM, 590, 504, 8
MM, 589, 504, 198
MM, 587, 504, 10
MM, 585, 504, 7
MM, 583, 504, 7
MM, 580, 503, 8
MM, 577, 502, 8
MM, 572, 499, 8
MM, 568, 498, 8
MM, 563, 496, 8
MM, 558, 493, 8
MM, 554, 492, 8
MM, 550, 491, 7
MM, 548, 489, 8
MM, 547, 489, 8
MM, 546, 488, 8
MM, 546, 487, 8
MM, 544, 485, 9
MM, 544, 483, 7
MM, 544, 482, 16
MM, 544, 481, 16
MM, 544, 479, 16
MM, 545, 479, 8
MM, 545, 478, 7
MM, 546, 478, 9
MM, 547, 477, 7
MM, 549, 475, 16
MM, 550, 474, 9
MM, 554, 472, 15
MM, 556, 472, 8
MM, 557, 472, 8
MM, 558, 472, 9
MM, 559, 472, 7
MM, 560, 472, 64
MM, 561, 472, 7
MM, 562, 472, 9
MM, 564, 472, 7
MM, 565, 472, 8
MM, 567, 472, 8
MM, 568, 473, 8
MM, 574, 473, 8
MM, 580, 473, 8
MM, 583, 473, 9
MM, 586, 473, 7
MM, 588, 473, 8
MM, 591, 473, 8
MM, 592, 472, 8
MM, 594, 472, 8
MM, 596, 472, 7
MM, 597, 472, 40
MM, 598, 472, 32
MM, 599, 472, 16
MM, 600, 471, 8
MM, 601, 471, 8
MM, 602, 471, 8
MM, 603, 471, 15
MM, 604, 471, 8
MM, 605, 471, 8
MM, 606, 471, 8
MM, 607, 471, 16
MM, 608, 471, 8
MM, 610, 470, 8
MM, 611, 470, 9
MM, 612, 470, 7
MM, 614, 470, 8
MM, 616, 470, 8
MM, 617, 470, 7
MM, 619, 469, 8
MM, 620, 469, 8
MM, 621, 469, 16
MM, 623, 468, 8
MM, 624, 468, 12
MM, 625, 468, 4
MM, 627, 467, 8
MM, 629, 467, 8
MM, 632, 467, 8
MM, 634, 466, 8
MM, 637, 466, 8
MM, 639, 466, 8
MM, 641, 466, 7
MM, 643, 466, 8
MM, 644, 466, 8
MM, 645, 466, 8
MM, 647, 465, 9
MM, 648, 464, 7
MM, 650, 464, 8
MM, 651, 463, 8
MM, 654, 461, 10
MM, 656, 460, 6
MM, 658, 459, 8
MM, 661, 457, 9
MM, 665, 456, 7
MM, 668, 455, 8
MM, 671, 453, 7
MM, 674, 451, 8
MM, 677, 450, 8
MM, 678, 449, 8
MM, 681, 447, 8
MM, 682, 446, 8
MM, 684, 444, 8
MM, 687, 441, 8
MM, 688, 440, 8
MM, 690, 437, 8
MM, 692, 436, 8
MM, 695, 434, 8
MM, 695, 433, 9
MM, 697, 431, 7
MM, 699, 429, 8
MM, 701, 427, 7
MM, 702, 426, 8
MM, 703, 424, 8
MM, 704, 423, 16
MM, 704, 422, 16
MM, 705, 422, 8
MM, 705, 421, 24
MM, 706, 421, 39
MM, 706, 420, 25
MM, 707, 420, 15
MM, 708, 419, 24
MM, 709, 419, 8
MM, 711, 418, 8
MM, 713, 417, 8
MM, 715, 417, 8
MM, 718, 416, 8
MM, 720, 416, 8
MM, 724, 416, 8
MM, 728, 416, 7
MM, 731, 416, 8
MM, 736, 418, 8
MM, 738, 419, 8
MM, 746, 425, 8
MM, 754, 433, 8
MM, 763, 442, 8
MM, 768, 451, 8
MM, 775, 459, 8
MM, 780, 466, 9
MM, 784, 473, 7
MM, 789, 474, 10
MM, 793, 476, 6
MM, 796, 478, 8
MM, 799, 478, 8
MM, 800, 479, 8
MM, 801, 480, 9
MM, 802, 480, 7
MM, 803, 481, 7
MM, 804, 481, 8
MM, 805, 481, 9
MM, 807, 483, 7
MM, 809, 485, 8
MM, 813, 488, 9
MM, 818, 492, 7
MM, 825, 499, 10
MM, 843, 514, 6
MM, 866, 532, 8
MM, 890, 546, 8
MM, 913, 559, 9
MM, 935, 572, 7
MM, 947, 579, 8
MM, 956, 585, 9
MM, 955, 585, 1634
MM, 951, 585, 8
MM, 947, 585, 8
MM, 941, 585, 8
MM, 933, 585, 8
MM, 926, 585, 8
MM, 918, 585, 8
MM, 908, 585, 7
MM, 899, 583, 8
MM, 889, 583, 10
MM, 883, 581, 6
MM, 877, 581, 9
MM, 871, 579, 7
MM, 865, 578, 8
MM, 861, 578, 8
MM, 860, 578, 8
MM, 859, 578, 8
MM, 858, 578, 24
MM, 857, 578, 8
MM, 855, 578, 8
MM, 853, 577, 7
MM, 850, 575, 8
MM, 846, 574, 9
MM, 843, 573, 7
MM, 839, 572, 8
MM, 836, 571, 8
MM, 833, 570, 8
MM, 830, 569, 8
MM, 831, 567, 8
MM, 829, 565, 8
MM, 827, 564, 8
MM, 825, 564, 8
MM, 823, 563, 8
MM, 822, 562, 8
MM, 821, 561, 8
MM, 819, 560, 9
MM, 818, 559, 7
MM, 817, 559, 8
MM, 815, 557, 7
MM, 814, 557, 8
MM, 813, 556, 8
MM, 812, 555, 8
MM, 811, 554, 8
MM, 810, 554, 8
MM, 809, 553, 16
MM, 809, 552, 8
MM, 808, 552, 9
MM, 808, 550, 7
MM, 807, 550, 9
MM, 806, 549, 15
MM, 803, 544, 8
MM, 800, 541, 8
MM, 798, 538, 8
MM, 795, 535, 8
MM, 794, 533, 10
MM, 792, 531, 5
MM, 790, 529, 8
MM, 789, 528, 8
MM, 788, 528, 8
MM, 788, 527, 8
MM, 787, 527, 16
MM, 787, 526, 9
MM, 786, 525, 7
MM, 785, 525, 8
MM, 785, 524, 8
MM, 783, 522, 8
MM, 781, 521, 8
MM, 780, 520, 7
MM, 778, 519, 8
MM, 776, 518, 8
MM, 776, 517, 9
MM, 775, 517, 7
MM, 774, 516, 8
MM, 774, 515, 16
MM, 773, 515, 8
MM, 773, 514, 16
MM, 772, 513, 16
MM, 772, 512, 8
MM, 772, 511, 15
MM, 772, 510, 10
MM, 772, 509, 22
MM, 772, 508, 40
MM, 772, 507, 47
MM, 772, 506, 24
MM, 772, 504, 8
MM, 772, 503, 8
MM, 772, 501, 8
MM, 772, 500, 16
MM, 772, 499, 8
MM, 772, 498, 31
MM, 772, 497, 16
MM, 772, 496, 16
MM, 772, 495, 16
MM, 771, 494, 9
MM, 770, 493, 15
MM, 769, 492, 8
MM, 766, 490, 8
MM, 762, 488, 9
MM, 759, 486, 7
MM, 756, 485, 7
MM, 754, 482, 8
MM, 753, 481, 8
MM, 752, 480, 8
MM, 752, 479, 8
MM, 752, 478, 16
MM, 751, 477, 8
MM, 751, 476, 24
MM, 751, 475, 8
MM, 751, 474, 8
MM, 751, 473, 9
MM, 751, 472, 7
MM, 751, 471, 15
MM, 751, 470, 40
MM, 752, 470, 690
MM, 753, 469, 8
MM, 753, 468, 9
MM, 754, 468, 238
MM, 757, 470, 8
MM, 759, 471, 12
MM, 761, 473, 4
MM, 762, 475, 8
MM, 763, 475, 24
MM, 762, 476, 271
MM, 760, 478, 40
MM, 758, 480, 8
MM, 756, 481, 8
MM, 755, 482, 8
MM, 754, 483, 8
MM, 753, 483, 8
MM, 752, 483, 7
MM, 750, 483, 8
MM, 747, 483, 8
MM, 743, 483, 8
MM, 736, 482, 8
MM, 725, 482, 8
MM, 714, 478, 8
MM, 702, 473, 9
MM, 691, 469, 7
MM, 683, 465, 10
MM, 676, 463, 6
MM, 670, 463, 10
MM, 664, 463, 6
MM, 658, 463, 8
MM, 654, 463, 7
MM, 646, 461, 8
MM, 639, 461, 9
MM, 631, 459, 7
MM, 623, 456, 8
MM, 617, 456, 8
MM, 616, 455, 9
MM, 615, 455, 15
MM, 614, 454, 40
MM, 613, 454, 15
MM, 611, 454, 56
MM, 609, 454, 8
MM, 606, 454, 8
MM, 602, 454, 8
MM, 595, 452, 8
MM, 586, 450, 8
MM, 577, 448, 8
MM, 567, 444, 7
MM, 560, 440, 9
MM, 554, 434, 8
MM, 552, 432, 7
MM, 552, 430, 8
MM, 551, 429, 8
MM, 551, 428, 8
MM, 551, 427, 8
MM, 553, 425, 8
MM, 555, 424, 8
MM, 557, 424, 8
MM, 561, 426, 8
MM, 566, 431, 9
MM, 578, 445, 7
MM, 592, 461, 9
MM, 609, 478, 6
MM, 626, 493, 8
MM, 643, 505, 8
MM, 660, 512, 8
MM, 676, 518, 8
MM, 687, 524, 8
MM, 698, 530, 9
MM, 708, 536, 7
MM, 718, 536, 8
MM, 720, 536, 8
MM, 722, 536, 8
MM, 723, 536, 8
MM, 722, 537, 373
MM, 723, 535, 8
MM, 724, 532, 8
MM, 726, 528, 8
MM, 729, 521, 8
MM, 730, 514, 8
MM, 734, 506, 7
MM, 736, 502, 8
MM, 738, 496, 8
MM, 739, 491, 8
MM, 741, 485, 8
MM, 742, 480, 8
MM, 743, 476, 8
MM, 744, 473, 8
MM, 745, 470, 8
MM, 745, 468, 8
MM, 745, 465, 8
MM, 746, 464, 8
MM, 746, 462, 8
MM, 746, 461, 15
MM, 746, 460, 9
MM, 746, 459, 8
MM, 745, 457, 7
MM, 745, 455, 8
MM, 745, 454, 9
MM, 745, 452, 7
MM, 745, 451, 8
MM, 745, 449, 8
MM, 745, 447, 8
MM, 745, 445, 8
MM, 746, 442, 8
MM, 746, 441, 8
MM, 747, 440, 9
MM, 747, 437, 6
MM, 747, 436, 8
MM, 747, 434, 8
MM, 747, 433, 8
MM, 747, 432, 8
MM, 747, 430, 16
MM, 747, 429, 8
MM, 747, 428, 16
MM, 747, 427, 8
MM, 747, 426, 16
MM, 747, 425, 48
MM, 747, 424, 24
MM, 749, 420, 6354
MM, 756, 405, 8
MM, 766, 383, 7
MM, 776, 365, 8
MM, 784, 351, 10
MM, 784, 339, 7
MM, 788, 326, 7
MM, 788, 316, 8
MM, 788, 307, 8
MM, 790, 301, 8
MM, 791, 295, 8
MM, 793, 287, 10
MM, 793, 280, 6
MM, 793, 274, 8
MM, 793, 268, 8
MM, 793, 263, 7
MM, 793, 262, 8
MM, 793, 261, 8
MM, 794, 260, 9
MM, 794, 259, 8
MP, 1, 95
MR, 1, 87
MC, 1, 0
MM, 792, 260, 551
MM, 789, 265, 5
MM, 775, 276, 8
MM, 762, 286, 8
MM, 745, 297, 8
MM, 726, 306, 9
MM, 709, 312, 7
MM, 691, 317, 8
MM, 673, 323, 8
MM, 655, 326, 9
MM, 639, 328, 7
MM, 624, 332, 7
MM, 609, 332, 8
MM, 594, 335, 8
MM, 577, 335, 8
MM, 552, 335, 8
MM, 527, 335, 9
MM, 498, 335, 8
MM, 469, 335, 7
MM, 442, 335, 8
MM, 414, 335, 9
MM, 389, 333, 9
MM, 366, 328, 6
MM, 346, 324, 8
MM, 328, 322, 8
MM, 314, 319, 8
MM, 303, 317, 8
MM, 296, 315, 8
MM, 290, 313, 9
MM, 288, 311, 7
MM, 285, 311, 8
MM, 283, 311, 9
MM, 282, 311, 15
MM, 282, 310, 15
MM, 281, 310, 8
MM, 280, 310, 16
MM, 279, 310, 8
MM, 275, 310, 10
MM, 271, 310, 6
MM, 267, 310, 8
MM, 262, 310, 8
MM, 260, 310, 8
MM, 257, 310, 8
MM, 256, 310, 8
MM, 254, 309, 8
MM, 253, 309, 8
MM, 253, 308, 16
MM, 252, 307, 8
MM, 253, 307, 48
MM, 254, 308, 8
MM, 258, 313, 8
MM, 267, 322, 8
MM, 283, 340, 8
MM, 301, 365, 17
MM, 338, 402, 1
MM, 378, 442, 8
MM, 418, 479, 6
MM, 457, 514, 8
MM, 486, 537, 9
MM, 510, 557, 7
MM, 528, 572, 8
MM, 541, 584, 8
MM, 549, 590, 8
MM, 553, 592, 8
MM, 553, 593, 8
MM, 554, 593, 8
MM, 555, 593, 80
MM, 556, 593, 16
MM, 556, 589, 24
MM, 555, 583, 8
MM, 552, 573, 8
MM, 549, 565, 8
MM, 547, 558, 8
MM, 545, 552, 8
MM, 540, 546, 8
MM, 536, 540, 8
MM, 532, 534, 8
MM, 526, 527, 8
MM, 520, 521, 9
MM, 512, 513, 7
MM, 504, 503, 8
MM, 495, 488, 8
MM, 486, 476, 8
MM, 477, 463, 8
MM, 469, 452, 8
MM, 459, 441, 9
MM, 452, 432, 7
MM, 443, 422, 8
MM, 434, 415, 8
MM, 415, 405, 8
MM, 403, 395, 8
MM, 396, 390, 8
MM, 389, 385, 8
MM, 385, 381, 8
MM, 384, 378, 8
MM, 381, 375, 9
MM, 376, 371, 7
MM, 370, 360, 8
MM, 363, 352, 8
MM, 359, 346, 8
MM, 355, 338, 8
MM, 350, 330, 8
MM, 346, 322, 8
MM, 341, 314, 8
MM, 340, 307, 7
MM, 338, 299, 8
MM, 338, 292, 8
MM, 336, 282, 8
MM, 338, 273, 8
MM, 340, 263, 8
MM, 341, 259, 8
MM, 344, 255, 8
MM, 345, 253, 8
MM, 346, 251, 8
MM, 348, 250, 8
MM, 349, 249, 8
MM, 349, 248, 7
MM, 350, 247, 8
MM, 351, 247, 8
MM, 351, 246, 8
MM, 352, 246, 8
MM, 353, 245, 8
MM, 354, 245, 8
MM, 357, 244, 9
MM, 359, 244, 7
MM, 363, 243, 8
MM, 366, 242, 8
MM, 371, 241, 8
MM, 376, 241, 8
MM, 382, 241, 8
MM, 391, 239, 7
MM, 400, 239, 8
MM, 408, 239, 8
MM, 416, 239, 8
MM, 423, 239, 8
MM, 429, 239, 8
MM, 431, 239, 8
MM, 433, 239, 8
MM, 435, 239, 8
MM, 436, 239, 8
MM, 437, 239, 39
MM, 438, 239, 8
MM, 439, 239, 9
MM, 441, 240, 7
MM, 442, 241, 8
MM, 445, 242, 8
MM, 448, 244, 8
MM, 452, 245, 8
MM, 456, 247, 8
MM, 459, 248, 8
MM, 463, 250, 8
MM, 468, 251, 8
MM, 472, 253, 8
MM, 477, 256, 8
MM, 481, 257, 8
MM, 486, 260, 7
MM, 492, 263, 8
MM, 500, 267, 8
MM, 507, 271, 8
MM, 515, 273, 8
MM, 522, 277, 9
MM, 532, 281, 7
MM, 540, 286, 9
MM, 548, 290, 7
MM, 556, 294, 8
MM, 564, 296, 9
MM, 572, 298, 7
MM, 582, 301, 8
MM, 592, 301, 8
MM, 602, 303, 8
MM, 612, 304, 7
MM, 622, 306, 9
MM, 634, 306, 7
MM, 644, 306, 8
MM, 654, 306, 8
MM, 662, 306, 8
MM, 670, 306, 8
MM, 677, 306, 8
MM, 681, 306, 8
MM, 682, 306, 25
MM, 683, 306, 2141
MM, 685, 305, 6
MM, 687, 303, 8
MM, 691, 302, 8
MM, 695, 301, 8
MM, 699, 300, 8
MM, 702, 300, 8
MM, 704, 300, 8
MM, 705, 299, 8
MM, 706, 299, 8
MM, 707, 299, 7
MM, 707, 298, 8
MM, 708, 298, 8
MM, 709, 298, 9
MM, 710, 298, 7
MM, 711, 297, 8
MM, 712, 296, 8
MM, 713, 296, 8
MM, 715, 296, 8
MM, 718, 295, 8
MM, 722, 295, 14
MM, 727, 294, 3
MM, 732, 294, 7
MM, 738, 294, 9
MM, 743, 294, 8
MM, 746, 294, 7
MM, 749, 294, 7
MM, 750, 294, 8
MM, 751, 294, 8
MM, 752, 294, 343
MM, 753, 294, 16
MM, 754, 294, 7
MM, 756, 294, 9
MM, 757, 294, 7
MM, 759, 295, 8
MM, 761, 296, 8
MM, 763, 297, 8
MM, 764, 297, 8
MM, 766, 298, 8
MM, 769, 298, 8
MM, 772, 299, 8
MM, 775, 299, 8
MM, 777, 300, 9
MM, 779, 301, 7
MM, 781, 302, 8
MM, 782, 303, 8
MM, 783, 303, 9
MM, 784, 304, 7
MM, 785, 305, 112
MM, 786, 305, 126
MM, 786, 306, 8
MM, 787, 306, 16
MM, 788, 306, 33
MM, 789, 306, 23
MM, 790, 306, 16
MM, 791, 306, 23
MM, 792, 306, 16
MM, 793, 306, 8
MM, 794, 307, 24
MM, 795, 307, 8
MM, 798, 307, 8
MM, 801, 308, 8
MM, 803, 309, 8
MM, 806, 309, 8
MM, 809, 310, 9
MM, 811, 310, 7
MM, 813, 311, 7
MM, 815, 311, 9
MM, 817, 312, 7
MM, 819, 313, 8
MM, 821, 314, 8
MM, 824, 315, 8
MM, 827, 316, 9
MM, 829, 317, 8
MM, 833, 318, 8
MM, 834, 319, 7
MM, 837, 319, 9
MM, 840, 320, 7
MM, 841, 320, 8
MM, 843, 321, 16
MM, 845, 322, 7
MM, 846, 323, 16
MM, 847, 323, 319
MM, 848, 325, 7
MM, 848, 326, 8
MM, 849, 327, 8
MM, 850, 328, 8
MM, 850, 330, 8
MM, 851, 330, 15
MM, 851, 331, 9
MM, 852, 332, 7
MM, 852, 333, 8
MM, 853, 334, 8
MM, 854, 335, 8
MM, 854, 336, 8
MM, 855, 336, 16
MM, 855, 338, 357
MM, 855, 339, 8
MM, 856, 340, 8
MM, 856, 341, 7
MM, 856, 342, 8
MM, 856, 343, 9
MM, 857, 344, 8
MM, 857, 347, 7
MM, 858, 348, 9
MM, 859, 350, 9
MM, 860, 352, 6
MM, 861, 354, 9
MM, 861, 355, 8
MM, 862, 357, 7
MM, 864, 359, 8
MM, 865, 361, 8
MM, 865, 363, 8
MM, 867, 366, 8
MM, 867, 368, 7
MM, 868, 372, 8
MM, 868, 376, 8
MM, 868, 383, 8
MM, 868, 391, 8
MM, 868, 400, 8
MM, 865, 411, 9
MM, 863, 422, 8
MM, 863, 433, 7
MM, 861, 445, 8
MM, 858, 455, 8
MM, 856, 465, 9
MM, 854, 474, 7
MM, 849, 486, 9
MM, 844, 497, 7
MM, 839, 507, 7
MM, 835, 516, 8
MM, 830, 523, 8
MM, 825, 530, 9
MM, 820, 536, 7
MM, 816, 541, 8
MM, 810, 545, 8
MM, 798, 551, 8
MM, 784, 558, 8
MM, 770, 565, 9
MM, 757, 569, 7
MM, 741, 574, 8
MM, 724, 579, 8
MM, 705, 584, 9
MM, 687, 589, 7
MM, 671, 592, 8
MM, 655, 595, 7
MM, 641, 597, 9
MM, 629, 597, 7
MM, 621, 599, 8
MM, 617, 599, 9
MM, 616, 600, 7
MM, 615, 600, 9
MM, 614, 600, 23
MM, 615, 600, 48
MM, 617, 600, 8
MM, 618, 599, 8
MM, 619, 597, 7
MM, 621, 596, 8
MM, 624, 594, 8
MM, 628, 591, 8
MM, 631, 590, 9
MM, 637, 587, 7
MM, 643, 584, 8
MM, 652, 583, 8
MM, 661, 581, 8
MM, 673, 579, 8
MM, 683, 577, 8
MM, 693, 577, 9
MM, 701, 575, 7
MM, 709, 575, 9
MM, 717, 575, 7
MM, 721, 575, 8
MM, 722, 575, 7
MM, 723, 575, 48
MM, 724, 575, 16
MM, 724, 574, 8
MM, 725, 574, 8
MM, 725, 573, 8
MM, 726, 573, 8
MM, 727, 573, 143
MM, 728, 573, 7
MM, 731, 572, 8
MM, 733, 571, 8
MM, 734, 571, 8
MM, 736, 570, 8
MM, 737, 570, 8
MM, 738, 570, 16
MM, 739, 570, 8
MM, 740, 570, 16
MM, 741, 570, 15
MM, 742, 570, 24
MM, 742, 569, 32
MM, 743, 569, 16
MM, 743, 568, 8
MM, 744, 565, 8
MM, 744, 563, 7
MM, 744, 562, 8
MM, 744, 561, 8
MM, 744, 560, 16
MM, 744, 559, 24
MM, 748, 554, 7188
MM, 759, 538, 8
MM, 778, 508, 5
MM, 790, 483, 7
MM, 793, 466, 8
MM, 795, 458, 8
MM, 797, 456, 8
MM, 798, 453, 8
MM, 799, 450, 8
MM, 801, 444, 8
MM, 803, 437, 8
MM, 805, 432, 8
MM, 805, 431, 9
MM, 805, 430, 17
MM, 809, 431, 6434
MM, 814, 433, 7
MM, 818, 433, 8
MM, 819, 433, 23
MM, 820, 433, 8
MM, 822, 433, 8
MM, 825, 432, 8
MM, 828, 430, 8
MM, 830, 428, 9
MM, 832, 427, 8
MM, 834, 426, 7
MM, 836, 424, 9
MM, 838, 423, 7
MM, 840, 422, 7
MM, 843, 420, 8
MM, 847, 419, 8
MM, 851, 418, 8
MM, 855, 418, 8
MM, 858, 418, 8
MM, 861, 418, 8
MM, 863, 418, 8
MM, 864, 418, 8
MM, 863, 418, 95
MM, 862, 418, 24
MM, 861, 418, 16
MM, 860, 418, 16
MP, 1, 33
MR, 1, 70
MC, 1, 0
MM, 858, 418, 16
MM, 862, 417, 1080
MM, 863, 416, 5
MM, 864, 415, 5
MM, 865, 415, 5
MM, 863, 416, 96
MM, 851, 419, 8
MM, 812, 422, 8
MM, 748, 427, 7
MM, 671, 427, 8
MM, 581, 427, 8
MM, 487, 427, 8
MM, 391, 427, 8
MM, 299, 422, 8
MM, 212, 415, 8
MM, 134, 410, 8
MM, 80, 403, 8
MM, 48, 399, 8
MM, 41, 396, 9
MM, 39, 395, 7
MM, 39, 393, 8
MM, 39, 390, 8
MM, 39, 386, 7
MM, 39, 380, 9
MM, 39, 371, 7
MM, 39, 361, 9
MM, 39, 351, 8
MM, 39, 344, 7
MM, 37, 334, 8
MM, 34, 325, 9
MM, 32, 317, 7
MM, 30, 309, 9
MM, 27, 303, 7
MM, 27, 299, 9
MM, 26, 297, 7
MM, 25, 296, 8
MM, 24, 294, 8
MM, 21, 290, 8
MM, 19, 286, 7
MM, 16, 281, 8
MM, 11, 274, 8
MM, 3, 265, 8
MM, 0, 255, 8
MM, 0, 248, 8
MM, 0, 242, 8
MM, 0, 237, 8
MM, 0, 231, 8
MM, 0, 225, 8
MM, 0, 223, 8
MM, 0, 220, 8
MM, 0, 218, 8
MM, 0, 217, 8
MM, 0, 217, 8
MM, 0, 216, 8
MM, 0, 215, 15
MM, 0, 214, 9
MM, 0, 213, 7
MM, 0, 212, 8
MM, 0, 210, 8
MM, 0, 208, 8
MM, 0, 206, 16
MM, 0, 204, 8
MM, 0, 202, 8
MM, 0, 200, 8
MM, 1, 195, 8
MM, 2, 190, 8
MM, 3, 183, 8
MM, 6, 172, 8
MM, 8, 163, 8
MM, 9, 157, 8
MM, 10, 154, 7
MM, 11, 149, 8
MM, 11, 146, 8
MM, 11, 145, 8
MM, 11, 142, 9
MM, 11, 141, 8
MM, 11, 138, 7
MM, 11, 136, 8
MM, 11, 134, 9
MM, 11, 133, 7
MM, 11, 132, 16
MM, 12, 131, 8
MM, 13, 130, 222
MM, 13, 127, 32
MM, 13, 125, 8
MM, 13, 123, 8
MM, 13, 122, 9
MM, 13, 121, 8
MP, 1, 167
MR, 1, 70
MC, 1, 0
MM, 17, 121, 95
MM, 22, 121, 8
MM, 30, 121, 9
MM, 38, 121, 7
MM, 45, 121, 8
MM, 54, 121, 8
MM, 63, 121, 10
MM, 77, 123, 6
MM, 91, 123, 8
MM, 105, 123, 8
MM, 120, 123, 8
MM, 135, 123, 8
MM, 150, 123, 7
MM, 163, 123, 8
MM, 179, 123, 8
MM, 193, 123, 9
MM, 206, 123, 7
MM, 220, 123, 8
MM, 232, 123, 8
MM, 246, 123, 8
MM, 261, 123, 8
MM, 275, 123, 8
MM, 292, 123, 8
MM, 309, 123, 8
MM, 323, 123, 8
MM, 338, 123, 8
MM, 352, 123, 8
MM, 366, 123, 9
MM, 378, 121, 7
MM, 387, 121, 9
MM, 396, 121, 7
MM, 401, 121, 9
MM, 403, 121, 7
MM, 403, 120, 8
MM, 406, 119, 8
MM, 409, 118, 8
MM, 412, 117, 8
MM, 415, 117, 8
MM, 416, 117, 8
MM, 417, 117, 127
MM, 420, 118, 16
MM, 422, 118, 8
MM, 425, 119, 8
MM, 428, 120, 9
MM, 431, 121, 7
MM, 433, 122, 8
MM, 434, 122, 9
MM, 435, 122, 7
MM, 437, 122, 8
MM, 440, 123, 9
MM, 444, 124, 8
MM, 448, 124, 8
MM, 451, 125, 8
MM, 457, 125, 8
MM, 462, 126, 7
MM, 467, 128, 8
MM, 473, 129, 8
MM, 478, 130, 8
MM, 483, 132, 8
MM, 488, 133, 9
MM, 493, 133, 7
MM, 497, 133, 8
MM, 500, 134, 8
MP, 1, 114
MR, 1, 70
MC, 1, 0
MP, 1, 88
MR, 1, 62
MC, 2, 0
MM, 501, 135, 373
MM, 503, 139, 9
MM, 506, 151, 8
MM, 509, 166, 8
MM, 509, 183, 8
MM, 509, 199, 8
MM, 506, 216, 8
MM, 503, 233, 7
MM, 501, 248, 7
MM, 498, 265, 9
MM, 498, 277, 8
MM, 498, 284, 8
MM, 500, 288, 8
MM, 501, 289, 7
MM, 502, 289, 8
MWM, 502, 289, 1, 3, 1, 104
MWM, 502, 289, 1, 3, 1, 24
MWM, 502, 289, 1, 3, 1, 24
MWM, 502, 289, 1, 3, 1, 16
MWM, 502, 289, 1, 3, 1, 24
MWM, 502, 289, 1, 3, 1, 442
MWM, 502, 289, 1, 3, 1, 4
MWM, 502, 289, 1, 3, 1, 6
MWM, 502, 289, 1, 3, 1, 16
MWM, 502, 289, 1, 3, 1, 16
MWM, 502, 289, 1, 3, 1, 431
MWM, 502, 289, 1, 3, 1, 52
MM, 508, 290, 311
MM, 533, 294, 5
MM, 572, 309, 9
MM, 606, 317, 7
MM, 634, 317, 8
MM, 660, 317, 8
MM, 686, 317, 8
MM, 720, 317, 7
MM, 763, 317, 8
MM, 810, 321, 7
MM, 856, 321, 8
MM, 898, 321, 8
MM, 930, 321, 9
MM, 951, 324, 8
MM, 962, 324, 7
MM, 969, 324, 8
MM, 975, 326, 7
MM, 982, 326, 8
MM, 988, 326, 8
MM, 989, 326, 8
MM, 990, 326, 31
MM, 991, 326, 16
MM, 991, 325, 47
MM, 990, 324, 9
MM, 986, 321, 7
MM, 982, 318, 8
MM, 972, 312, 8
MM, 963, 306, 8
MM, 951, 300, 8
MM, 942, 293, 7
MM, 933, 291, 9
MM, 927, 288, 8
MM, 920, 286, 8
MM, 917, 285, 7
MM, 914, 284, 8
MM, 913, 283, 8
MM, 910, 283, 8
MM, 909, 283, 7
MM, 905, 283, 9
MM, 901, 283, 7
MM, 898, 283, 9
MM, 883, 284, 7
MM, 865, 284, 9
MM, 845, 286, 7
MM, 824, 289, 8
MM, 803, 291, 9
MM, 783, 294, 7
MM, 762, 296, 8
MM, 741, 302, 7
MM, 723, 307, 8
MM, 702, 313, 8
MM, 687, 315, 8
MM, 676, 317, 8
MM, 674, 317, 8
MM, 675, 317, 64
MM, 676, 317, 16
MM, 678, 317, 7
MM, 681, 317, 7
MM, 684, 317, 8
MM, 688, 316, 8
MM, 694, 314, 8
MM, 701, 313, 8
MM, 711, 307, 9
MM, 723, 303, 8
MM, 734, 297, 13
MM, 746, 291, 2
MM, 758, 286, 8
MM, 768, 281, 7
MM, 778, 277, 10
MM, 786, 273, 6
MM, 790, 273, 9
MM, 793, 271, 7
MM, 793, 270, 9
MM, 792, 270, 54
MM, 791, 271, 16
MM, 790, 271, 8
MM, 790, 272, 8
MM, 788, 274, 8
MM, 786, 276, 8
MM, 784, 278, 8
MM, 782, 280, 7
MM, 781, 282, 8
MM, 779, 284, 8
MM, 778, 286, 8
MM, 776, 288, 8
MM, 775, 290, 8
MM, 773, 292, 8
MM, 771, 294, 8
MM, 769, 296, 8
MM, 767, 299, 8
MM, 765, 300, 8
MM, 765, 301, 7
MM, 764, 301, 8
MP, 1, 144
MR, 1, 86
MC, 1, 0
MM, 765, 301, 111
MM, 767, 301, 8
MM, 769, 301, 8
MM, 771, 301, 8
MM, 772, 301, 8
MM, 773, 301, 8
MM, 774, 301, 8
MM, 776, 301, 15
MM, 777, 301, 16
MM, 778, 301, 32
MM, 779, 301, 16
MM, 780, 301, 32
MP, 3, 96
MR, 3, 86
MC, 1, 0
MM, 781, 301, 341
MM, 782, 301, 8
MM, 782, 302, 8
MM, 784, 302, 8
MM, 785, 303, 9
MM, 786, 303, 7
MM, 787, 306, 8
MM, 788, 307, 8
MM, 789, 308, 8
MP, 1, 374
MR, 1, 71
MC, 1, 0
MM, 788, 308, 855
MM, 786, 308, 7
MM, 783, 308, 7
MM, 779, 309, 9
MM, 775, 313, 7
MM, 766, 319, 8
MM, 752, 327, 7
MM, 735, 332, 8
MM, 718, 338, 8
MM, 700, 338, 8
MM, 685, 340, 8
MM, 672, 343, 8
MM, 660, 346, 7
MM, 645, 350, 8
MM, 630, 352, 8
MM, 615, 358, 8
MM, 603, 360, 9
MM, 591, 363, 8
MM, 586, 363, 7
MM, 583, 363, 9
MM, 581, 364, 69
MM, 578, 365, 9
MM, 573, 368, 8
MM, 562, 372, 7
MM, 549, 377, 8
MM, 532, 379, 8
MM, 508, 381, 8
MM, 484, 384, 9
MM, 458, 384, 8
MM, 431, 384, 7
MM, 400, 384, 8
MM, 363, 384, 7
MM, 330, 384, 8
MM, 306, 384, 9
MM, 288, 384, 7
MM, 278, 384, 9
MM, 268, 386, 8
MM, 262, 388, 7
MM, 258, 389, 9
MM, 256, 389, 8
MM, 255, 389, 14
MM, 253, 389, 48
MM, 250, 389, 8
MM, 243, 389, 8
MM, 231, 389, 8
MM, 221, 389, 7
MM, 210, 387, 8
MM, 200, 387, 9
MM, 192, 385, 7
MM, 185, 385, 8
MM, 182, 384, 8
MM, 180, 383, 8
MM, 179, 383, 8
MM, 178, 383, 8
MM, 177, 383, 25
MM, 175, 383, 15
MM, 174, 382, 7
MM, 172, 381, 10
MM, 165, 379, 6
MM, 155, 375, 8
MM, 143, 370, 8
MM, 135, 366, 8
MM, 126, 363, 8
MM, 117, 359, 8
MM, 108, 354, 7
MM, 99, 353, 8
MM, 94, 350, 8
MM, 88, 349, 8
MM, 87, 347, 8
MM, 86, 347, 10
MM, 86, 346, 30
MM, 85, 346, 8
MM, 84, 346, 8
MM, 83, 345, 7
MM, 82, 344, 10
MM, 81, 344, 6
MM, 80, 343, 9
MM, 78, 341, 7
MM, 77, 340, 9
MM, 76, 340, 7
MM, 75, 339, 8
MM, 74, 338, 8
MM, 74, 337, 8
MM, 73, 336, 8
MM, 72, 336, 8
MM, 72, 335, 7
MM, 71, 335, 16
MM, 71, 334, 8
MP, 1, 152
MD, 72, 334, 46
MR, 1, 25
MM, 71, 335, 221
MM, 72, 340, 8
MM, 70, 350, 7
MM, 68, 361, 9
MM, 68, 371, 7
MM, 66, 386, 8
MM, 64, 395, 9
MM, 64, 399, 7
MM, 62, 401, 8
MM, 61, 406, 8
MM, 59, 412, 8
MM, 58, 414, 8
MM, 58, 416, 8
MM, 55, 418, 8
MM, 53, 421, 9
MM, 51, 423, 8
MM, 48, 425, 7
MM, 46, 427, 7
MM, 44, 429, 8
MM, 42, 431, 8
MM, 40, 433, 8
MM, 38, 435, 8
MM, 37, 436, 8
MM, 36, 437, 16
MM, 36, 438, 16
MM, 35, 438, 8
MM, 35, 439, 24
MM, 34, 440, 8
MM, 34, 441, 7
MM, 33, 443, 8
MM, 32, 446, 8
MM, 31, 449, 8
MM, 31, 453, 8
MM, 30, 458, 8
MM, 29, 466, 8
MM, 29, 478, 8
MM, 27, 490, 9
MM, 27, 503, 8
MM, 25, 512, 7
MM, 23, 521, 8
MM, 21, 531, 8
MM, 19, 540, 8
MM, 17, 550, 8
MM, 16, 556, 8
MM, 14, 562, 7
MM, 14, 568, 8
MM, 14, 574, 8
MM, 14, 578, 8
MM, 14, 580, 8
MM, 14, 581, 8
MM, 14, 582, 16
MM, 14, 583, 8
MM, 14, 584, 9
MM, 14, 586, 7
MM, 14, 589, 8
MM, 15, 592, 8
MM, 16, 595, 8
MM, 16, 599, 8
MM, 16, 602, 8
MM, 16, 604, 8
MM, 16, 607, 8
MM, 17, 610, 7
MM, 17, 612, 8
MM, 18, 615, 8
MM, 18, 617, 8
MM, 18, 620, 8
MM, 19, 621, 8
MM, 19, 622, 56
MM, 20, 625, 8
MM, 21, 630, 9
MM, 23, 637, 8
MM, 24, 640, 6
MM, 24, 642, 8
MM, 25, 642, 16
MM, 25, 638, 136
MM, 25, 635, 7
MM, 25, 633, 8
MM, 25, 632, 9
MM, 25, 630, 7
MM, 25, 629, 9
MM, 25, 628, 8
MM, 25, 627, 8
MM, 25, 625, 7
MM, 25, 624, 7
MM, 25, 623, 8
MM, 25, 621, 8
MM, 25, 620, 8
MM, 25, 617, 8
MM, 25, 616, 9
MM, 25, 615, 8
MM, 25, 614, 8
MM, 25, 613, 23
MM, 25, 612, 16
MM, 25, 611, 9
MM, 26, 610, 6
MM, 26, 608, 8
MM, 26, 607, 8
MM, 26, 605, 8
MM, 26, 603, 40
MM, 26, 601, 9
MM, 27, 595, 8
MM, 27, 586, 8
MM, 28, 579, 8
MM, 28, 575, 8
MM, 28, 574, 7
MP, 1, 81
MR, 1, 85
MC, 1, 0
MM, 30, 574, 127
MM, 35, 574, 8
MM, 61, 571, 8
MM, 95, 561, 10
MM, 140, 551, 6
MM, 190, 538, 8
MM, 254, 526, 8
MM, 301, 516, 8
MM, 340, 512, 8
MM, 375, 507, 8
MM, 408, 502, 8
MM, 431, 498, 8
MM, 451, 491, 7
MM, 468, 488, 8
MM, 487, 475, 11
MM, 503, 462, 5
MM, 520, 448, 10
MM, 536, 437, 6
MM, 552, 428, 8
MM, 566, 419, 8
MM, 578, 409, 9
MM, 588, 407, 7
MM, 595, 405, 9
MM, 599, 405, 7
MM, 602, 404, 9
MM, 608, 403, 7
MM, 612, 401, 8
MM, 616, 401, 8
MM, 618, 400, 7
MM, 624, 397, 8
MM, 629, 396, 8
MM, 633, 394, 8
MM, 640, 393, 9
MM, 646, 392, 7
MM, 651, 392, 8
MM, 655, 392, 9
MM, 660, 392, 7
MM, 665, 391, 9
MM, 670, 391, 7
MM, 678, 391, 9
MM, 683, 391, 7
MM, 684, 390, 9
MM, 685, 390, 17
MM, 687, 390, 21
MM, 688, 390, 8
MM, 690, 390, 9
MM, 692, 390, 8
MM, 694, 390, 7
MM, 695, 391, 8
MM, 697, 392, 8
MM, 699, 395, 8
MM, 701, 397, 9
MM, 702, 398, 8
MM, 704, 401, 7
MM, 704, 403, 7
MM, 705, 405, 8
MM, 701, 405, 56
MM, 695, 404, 9
MM, 679, 401, 7
MM, 664, 399, 8
MM, 650, 393, 8
MM, 635, 387, 8
MM, 625, 382, 8
MM, 616, 380, 8
MM, 609, 377, 8
MM, 602, 374, 8
MM, 598, 372, 8
MM, 594, 370, 8
MM, 593, 369, 7
MM, 592, 369, 8
MM, 590, 368, 49
MM, 589, 367, 8
MM, 587, 365, 6
MM, 585, 362, 8
MM, 581, 359, 8
MM, 577, 353, 8
MM, 573, 346, 8
MM, 569, 339, 9
MM, 565, 333, 8
MM, 561, 327, 7
MM, 557, 322, 9
MM, 556, 321, 7
MM, 555, 320, 8
MM, 555, 319, 8
MM, 554, 318, 8
MM, 553, 318, 56
MM, 553, 317, 8
MM, 552, 317, 16
MM, 551, 317, 8
MM, 550, 317, 16
MM, 550, 316, 7
MM, 549, 316, 16
MM, 549, 315, 10
MM, 548, 315, 13
MM, 547, 315, 8
MM, 546, 314, 16
MM, 545, 314, 16
MM, 543, 313, 8
MM, 542, 313, 9
MM, 540, 312, 7
MM, 538, 311, 8
MM, 537, 311, 8
MM, 535, 311, 8
MM, 534, 310, 8
MM, 533, 310, 9
MM, 532, 310, 7
MM, 530, 310, 7
MM, 529, 310, 16
MP, 1, 225
MR, 1, 77
MC, 1, 0
